1.62
-0.62
-0.24
0.22
-0.50
3.00
92.25
0.50
6.49
0.45
0.00
1.15
0.12
-6.70
4.40
1.31
0.14
0.60
2.60
0.17
101.28
-7.30
1.63
-0.27
0.49
11.21
0.2000
0.2275
1.55
1.22
10.41
1
0.15
-9.78
-0.47
1.10
0.24
0.33
0.7590
-9.30
12.50
1.00
60
-9.78
0.01
9.43
-2.11
0.30
160
-7.00
0.06
-1.70
1.0991
1.53
9.00
9.43
0.38
-4.00
1.06
4.7550
0.08
1.68
-2.70
4
8.75
3.86
1.50
3.40
15.8400
-0.12
0.15
0.33
4.98
-2.20
0.05
0.04
1.00
12
0.30
0.07
4.97
79.43
1.87
-0.17
9
6.67
2.89
0.20
8.85
0.37
-1
1.50
5.08
13.89
9.19
0.04
15
-11.50
8.70
0.00
0.07
0.53
13.93
42
7.00
8.72
-0.63
-1.00
4.00
0.07
-21
0.10
-38.88
0.02
480
-1.37
-7
2.50
0.18
4.22
2.9524
0.21
0.31
0.35
0.13
0.75
21.60
0.83
7.71
0.40
9.86
0.83
2.40
0.12
5.25
16
1
0.11
1.30
-3.71
-2
0.04
8
0.48
10
0.64
0.47
1.22
11.33
32
0.90
0.13
-1.40
6.57
-6.00
9.47
3
4.56
0.26
0.60
0.13
3.50
0.71
0.30
2.90
0.92
-2
1.05
0.65
-10.78
0.20
1.44
0.30
7.90
0.13
-0.30
-5.25
-0.03
-7.96
0.50
1.25
9
1.89
-3.87
-1.70
-5.70
0.21
1.50
1.27
-5.29
-7.86
10
-0.63
9
0.03
-0.50
-0.40
0.11
0.24
0.17
8.6700
4.71
0.00
3.67
0.38
0.42
0.80
-5.40
0.04
-1.25
0.56
0.01
0.65
2.40
0.46
-0.86
11.00
2.57
13.81
-1.98
7.14
-0.32
-102.76
0.00
0.08
3.75
3.20
1.22
1.72
0.20
0.34
6.22
-3.67
0.30
1.11
9.30
1.50
2.33
1.50
36
1.13
0.80
11.30
1.00
-8.70
46
10.29
0.90
0.0010
4.22
8.22
1.32
4.38
6.63
-2.17
8.00
-6.40
-0.03
1.13
18.40
0.44
-0.13
6.86
0.74
0.75
-0.16
2.05
-0.07
2.50
8.38
-7.85
0.50
-1.00
9
3.00
0.01
0.17
0.30
10.25
0.02
0.11
16.90
14.29
0.06
0.05
25.33
3.22
-1.87
2.25
0.15
3.98
0.90
11.1869
0.12
-1.9600
10
0.11
0.00
20.20
0.67
6.00
12.00
0.01
1.02
-1.31
-7.22
0.00
24
19
-0.82
5.00
-10.14
-0.87
-2.00
-3.92
10
1.00
0.08
32
2
0.80
-58.33
-0.01
-0.44
8.10
-0.46
9.79
-9.33
-7.94
0.08
5.71
1.69
-2.87
-0.10
14
0.44
2.50
0.00
2.62
4.50
0.18
7.10
-5.50
23.74
0.17
40
0.027500
0.01
1.33
1.00
2.64
1.19
-62.92
0.17
0.93
-0.20
3.20
0.01
-1.3111
-0.48
1.74
-8
4.48
0.01
40
2.90
0.07
19
1.61
3.25
1.43
107.50
1.80
1.71
40
-4.99
0.01
0.29
0.06
2.17
0.07
0.28
1.20
4.49
0.10
15.00
0.17
6.25
0.28
0.58
0.07
2.77
7.40
45
0.13
0.68
0.49
0.50
5.50
0.33
1.02
2.33
-0.252450
1.00
0.09
1.71
-2.83
0.01
1.52
0.22
7.40
10.40
0.82
0.00
2.72
-5.93
15.40
0.05
-2.07
0.08
0.88
-10.59
6.44
0.20
1.20
1.00
-1.00
2.92
1.07
0.36
-2.28
6.25
5.98
-12.74
1.47
2.33
0.96
-4.14
-0.40
11
0.33
8.81
6
35
4.80
0.06
9.43
0.11
7.10
2.00
5.22
0.1980
0.58
0.17
3
0.30
1.20
3.96
-0.02
0
0.52
0.04
-1.80
0.02
0.85
1.43
-0.40
1.31
36
-0.60
0.74
4.51
-9.12
1.67
13.89
10.67
-3.40
0.06
1.41
0.25
7.78
-2
0.16
0.39
0.3800
1.41
7
6.70
18
0.20
-0.33
8.00
-0.05
0.03
7.78
7.56
0.11
-1
0.07
30.80
-1
9.38
6.00
6.30
0.47
0.03
13.90
1.30
7.11
-0.16
2000.00
0.03
2.3177
2.48
0.0084
0.49
1.04
0.28
6.94
75.00
1.11
2.40
-7.67
0.56
0.32
1.14
6.29
7.78
46.75
3.36
0.00
1.35
4.68
2.70
3.81
0.15
0.50
0.13
0.00
0.69
0.9120
2.00
16
3.67
5.60
1.38
-2.09
-5.20
1.90
-0.05
0.09
5
0.40
14
7.78
-9.00
25.71
-0.29
6.81
0.01
5.50
2.71
0.0473
-0.43
-5
0.17
14.25
17
5.29
0.46
13
0.08
3.00
4.14
50.76
-2.55
0.29
-0.80
1.00
39
13.33
0.33
0.25
0.00
0.01
4.0700
0.03
0.27
8
1.60
5.40
72.00
1.88
5.38
-3
0.24
6.40
6
26
1.33
-0.37
0.20
32.10
-4.86
-0.56
20.00
3.28
1.11
-4.44
2.90
0.93
1.14
0.00
10.62
1.56
1.25
0.03
0.08
-306.00
8.87
0.00
1.04
2.00
-5.42
9.48
-0.68
0.53
0.10
3.50
0.00
29.63
2.40
0.05
9.00
7.77
9.29
5.50
15
42.72
405.00
-16
5.78
10
0.07
1.19
0.23
9.83
-9.00
0.10
0.43
-0.19
-1.17
8.24
-8.90
0.08
11.50
4.22
0.01
7.75
10.67
8.36
0.2240
0.18
9.01
0.76
-4.73
10.40
5.40
8.48
4.80
-0.42
0.31
2.94
1.27
2
0.54
0.42
3.33
0.30
-1.00
2.22
3
7.44
0.03
0.10
0.40
0.44
3.33
3.33
8.13
-0.10
0.00
2.63
2.83
66.67
0.21
-0.13
2.58
5.00
-1.70
0.00
0.15
7.74
0.81
4.80
0.03
-8
14.74
0.00
6.33
0.01
3.56
15.50
1.26
-6.92
3.20
12
-0.10
-0.17
-2.10
1.44
1.33
0.02
0.00
8
2.00
11.01
0.00
0.75
-7.79
0.85
5.28
1.98
0.18
9.02
2.01
2.87
-7.00
0.53
4
-5.68
0.45
0.42
0.01
0.26
1
0.09
0.20
1.50
-1.98
0.27
0.35
8.46
-4.37
0.08
-0.35
18.25
0.37
0.08
3.46
9.29
-0.06
0.10
0.44
0.17
0.80
-16.14
0.00
4.51
0.18
11.76
1.18
0.30
12
39
9.50
5.41
9.00
-0.04
0.0880
15.25
6.25
8.50
3.78
6.43
1.62
-6.50
3.14
0.03
0.75
7.00
17.63
6.13
0.01
10.00
0.63
1.63
1.40
-5.33
-11.73
21.60
2.60
-0.34
21.60
0.80
-2.67
14
0.05
0.76
1.25
1.31
2.88
20
1.50
0.75
-0.25
0.00
55.00
20
4.00
-0.29
0.33
0.14
-0.19
2.11
11.67
1.40
-5.50
1.33
6.33
0.34
0.42
0
0.11
15.33
0.10
0.28
-36.00
0.73
8
4.23
0.45
14.50
12.00
0.07
0.30
-0.41
-8.67
0.88
7.20
0.33
0.07
0.79
6.13
32.00
-7.93
49
0.14
-79.86
2.43
0.43
2.06
10.00
-12.50
-6.00
0.00
-2.98
-35
0.04
2.90
0.05
0.37
1.22
-1.33
13.25
0.02
-11.00
1.06
6.67
0.00
-2.58
3.33
9.38
5.00
0.28
1.00
1.76
5.92
1.70
0.20
0.00
0.33
0.89
-0.54
-42.88
1.25
0.60
-6.80
-5.03
0.72
2.14
0.01
1.25
0.18
2
0.02
-2.57
6.07
1.13
4.29
4
9.44
9.67
-2.80
16
9.17
1.95
2.67
-9.50
2.29
2.22
0.38
-0.83
9.25
1.21
-6.96
-71.10
-0.67
1.83
-0.08
3.05
-4.78
2.00
0.96
0.30
5.44
0.57
1.83
5.25
8.19
7.76
12
-0.12
3.94
-2
0.77
0.06
10.40
-4.40
8.10
-1.62
0.07
5.00
15
63
3.79
10.60
-0.08
0.03
0.5092
4.10
-3.86
-0.08
3.00
0.22
0.04
13.20
2.40
7.94
2.00
3.20
8.75
0.45
16.64
0.87
16.67
0.27
32.00
-2.67
-0.03
80.50
0.89
0.71
5.90
-0.81
0.58
57
6.33
0.05
0.57
17.77
1.90
-2.10
1.33
0.51
-0.01
69.75
5.43
20
5.80
4.00
12.56
-2.86
3.00
-5.35
1.96
-0.16
16
37.65
1.00
-0.04
0.92
0.60
4.25
7.50
6
-4
-8.30
0.07
4.53
8.80
7.21
11
-0.38
9.09
-6.00
6.13
-0.21
4.00
6.71
0.20
-9.56
1.25
6.67
-6.00
4.50
-5.87
-4.67
39.60
0.24
-1.22
6.09
10.67
1.33
-1
0.07
-0.61
3.75
9.33
0.80
-7.99
8.75
-75.00
0.07
7.50
18
18
7.10
-5.30
1.9000
-9.30
6.75
0.33
-0.50
66.67
3.33
13
0.0000
0.48
-10.42
0.17
-1.15
7.33
12.44
1.15
7.47
2.25
0.49
7.83
1.87
12.0000
1.75
58
-0.48
7.90
-5.00
12.60
1.00
-8.40
5.95
12.71
-0.33
0.10
-3.71
63
5.70
96.12
1.00
1.60
0.56
-0.21
1.99
3.40
10.50
47
0.12
2.90
-0.90
0.22
-1.25
35
5.20
4.05
-2.32
5.88
-6.00
1.8626
3.20
1.00
0.61
-6.92
10
4.00
0.09
2.22
0.06
-3.50
0.20
0.13
1.75
7.12
-91
3.33
0.00
3
10.80
1.00
2.70
-4.50
1.68
0.01
4
7.91
-71
0.18
4.40
0.08
0.04
80
0.11
-1
4.20
0.07
-3.25
0.80
9
7.50
0.05
0.0020
0.11
0.9520
1.31
-0.01
4.67
3.86
4.02
0.94
0.13
2.63
-0.65
4.01
0.68
0.12
5
0.05
1.30
3
0.17
0.84
0.10
1.10
0.73
0.02
3.93
2.05
0.13
2
-2.20
16.50
36.00
6.29
0.01
6.00
0.00
14.25
2.70
1.89
2.67
9
0.02
1.86
-8.50
2.77
-1.74
-1
5.55
0.25
3.89
0.40
0.60
16.75
8.10
-0.87
1
2
-7.00
4.00
171
50
0.7370
-9.50
0.00
-0.96
3.52
10
0.33
6.89
5.67
2.20
9.25
0.02
28
-4.25
-2.8925
-6.13
9.06
-6.60
1.92
0.01
0.69
2.64
-1.43
1.40
5.50
1.30
-0.01
45
1680
1.13
199.86
9.33
5.14
0.03
7.00
5.95
7
1.20
4.82
0.20
1.12
0.92
9.09
2.09
0.33
12
2.21
11.60
2.85
0
-1.30
9.40
0.06
9.86
5.00
0.02
14.67
0.27
1.59
10.00
-10.40
6
13.80
6.07
6.44
7.60
16
3.11
0.81
1.80
-4.25
0.89
0.33
1.80
9.80
-2.70
-14.81
-0.02
-0.10
0.29
1.02
-1.41
1.00
11
9.0000
-0.11
3.00
4.19
0.09
16
5.33
-5.87
-12.20
2.56
2.00
1
64
0.02
5.00
3.50
0.07
14
0.76
0.10
-4.21
0.04
0.17
4.86
0.50
5.00
-8.23
1.50
-3.46
-6.10
0.37
-0.12
-1.80
-4.00
0.63
0.05
5.33
0.04
1.50
1.60
7.29
4.00
0.19
3.70
0.89
3.78
13.30
0.97
2.40
0.30
0.03
10
0.13
-13.57
0.11
0.29
0.30
0.00
-0.79
4.60
-0.17
0.06
12
1.21
1.03
14.98
0.08
9.87
4.40
2.90
-0.23
0.30
1.88
18
14.98
3.12
78.90
0.00
14.67
4.92
1.84
14
-4.48
1.05
0.94
17
12.14
0.5700
5.25
7.14
14.13
1.45
0.25
456.75
0.78
1.50
1.25
0.06
0.67
3.10
5.10
1.50
6.01
7.33
0.25
1.50
1.03
-5.70
5.70
5.10
10.40
0.09
0.20
14.20
2
-0.37
8.25
1.25
-0.09
0.01
0.36
0.00
5.40
0.01
-4.00
6.06
0.16
0.16
1.19
2.92
5.80
3.33
2.50
0.90
26
10.71
1.27
5.07
8
0.01
1.68
40
4.1450
-0.20
-3.00
0.03
0.00
1.01
0.43
-4.6284
0.34
3.90
1.75
0.60
0.08
1.00
-4.20
0.50
0.00
6.25
15.56
1.84
-2.23
5.10
0.40
-5.94
0.00
1.25
-0.11
0.11
5.11
-2.17
-6.11
5.25
1.20
33.93
-0.03
9.40
0.60
9.00
-2.81
0.05
2.67
-5.17
8.17
7.60
2.00
0.75
40.40
23.90
0.94
2.00
0.10
4.94
0.75
2.00
-3.37
-85
0.22
8.00
0.67
0.11
10.04
8.21
-1.00
8.67
4.65
0.15
3.25
-5.89
-4.95
0.03
0.58
1.04
0.11
-36.60
0.00
0.01
0.18
0.81
8
0.78
7.23
0.45
2.10
-0.79
0.63
6.87
13.80
10.22
13.48
-0.01
-1.90
100.43
0.01
0.03
1.74
0.37
-1.89
99.33
0.80
7.3473
-3.37
0.33
3.30
-5.37
-4.40
2.12
0.32
8.71
1.47
3.29
45
6.88
-0.61
-0.17
0.08
5.23
17
14.46
10.67
6.32
0.19
0.06
4.29
-0.01
1.08
4.20
0.01
0.01
0.00
-8
-6.00
-7.89
0.01
8.33
0.19
2.52
5.86
8.02
5.00
0.67
-14.49
4.80
0.30
87.75
16.93
-0.50
2
32.36
6.50
28
0.59
-9.28
4.00
9.42
-0.19
5.50
-6
40
7.44
0.69
0.74
10.33
0.40
0.06
0.00
2.35
0.00
2.42
9.83
-8.20
16.89
2.05
2.79
1.75
6
5.34
0.01
-0.37
0.14
2.64
-7.62
-1.98
-21.00
-10
0.07
-16.60
5.38
4.79
3
5.60
0.35
7.50
0.03
-2.18
10.13
4
12.38
-0.3350
11
19.29
4.90
-10
16
0.83
-8.83
3.00
0.91
5.91
17
2.60
-8
7
0.63
0
-25
0.70
0.38
0.07
0.11
16.00
0.76
17.67
20
4.50
0.01
-4.96
2.69
0.0250
-9.40
2.17
0.75
3.82
0.03
1.00
4.73
0.56
7.67
4.02
0.14
0.23
3
18.80
-4.67
35
0.33
-36
11.33
0.25
8.70
0.17
1.32
0.01
8.14
12.03
4.69
-0.14
13.90
0.00
8.00
0.24
0.89
-10.00
8.89
1.03
12.44
7.50
-4.50
8
0.70
0.19
0.00
0.23
0.09
1.06
9.00
50.00
22.50
5.3550
2.00
-2.95
9.07
0.75
0.51
0.19
0.10
4.25
5.33
3.84
5.13
0.00
0.10
15.00
-2.00
0.00
-5.27
25
9
0.15
-3.50
5.38
3.72
116
39.40
0.00
2
-3
5.25
-0.17
-2.46
0.07
-4.20
0.00
0.11
5.00
4.90
0.36
1.06
0.83
-0.27
-4.80
-4
0.99
10.54
0.14
5.50
-6
0.04
-0.6357
-3.80
-0.14
1.25
4.93
0.13
1.06
0.80
2.80
-69.46
0.13
0.03
-2.67
-34.56
6.00
-24.33
-9.39
1.38
-5.90
0.33
2.00
-54.75
0.73
11
1.04
6.00
56
0.29
6
0.17
-0.91
-1.11
3.43
3.17
-0.17
0.01
24.25
-0.17
-4.03
3.60
40
8.54
9.80
5.10
0.56
4.41
-0.16
-4.78
2.25
0.36
1.58
8.75
5.04
0.14
0.31
4.03
7.38
0.78
3
4.50
-2.80
0.25
6.00
-5.30
9
0.71
0.43
4.23
0.10
0.11
4.36
-1
1.10
-0.06
-16
0.50
0.01
10.17
0.72
0.61
3.00
-5.1756
-2.33
0.60
0.58
0
1.03
1.80
-0.28
-17.33
-2.17
10.95
5.60
-0.99
1.70
-4.30
1.40
0.01
0.05
0.00
6
10.03
17.50
-0.17
10.01
0.75
-0.50
0.70
-3
8.29
0.08
-4.61
-0.40
1.13
2.33
0.02
16.47
0.01
2.67
9.67
7.10
3.40
0.83
8.00
0.50
9.14
-8
0.24
72.13
0.17
0.15
2.29
2.96
-15.64
16
0.16
1.08
0.33
0.33
2.13
233.33
-3
-5.62
9.21
0.00
20
14
7.14
1.00
2.26
20.15
0.87
63
4.00
1.75
-3.31
7.58
2.70
-2.32
0.96
3.66
0.17
-27.50
-1
2.10
-6.00
-10.60
0.59
9.89
5.58
-9.22
-1.11
0.73
0.01
-38.33
1.34
-0.06
0.45
4.75
0.41
1.33
6.20
2.15
6.00
0.08
3.49
1.33
10
-0.73
4.25
-5.97
0.00
0.27
8.50
0.76
0.25
0.44
0.06
-1.96
8.04
3.60
0.40
1.45
16
0.06
0.01
25.46
5.55
8.50
0.76
7
1.50
0.17
0.15
6.78
7.00
3.90
1.69
0.90
60
9.14
1.00
19.50
1.67
1.08
0.01
0.72
-0.29
110
6.67
-23.70
1.48
-1.43
0.04
20.67
0.14
0.02
0.12
1.60
0.17
0.15
1.29
0.55
3.00
-0.92
1.14
0.42
4.04
0.03
-9.88
4.14
3.03
0.01
16.44
0.98
81
-9.50
0.91
-7.33
-8.0400
0.02
3.00
10.0646
2.24
0.39
0.1360
0.10
18
12.29
0.68
31.20
0.40
8.90
2.44
0.04
0.12
1.91
-7.00
0.19
-0.07
2.80
1.11
9.78
2.75
8
0.55
-7.75
11
0.92
1.06
4.18
1.30
0.05
-5.70
5.40
6.01
16
-0.84
0.07
0.00
9.32
16
-4
5.90
0.55
15.83
1.82
-6.96
0.55
0.22
1.78
5.33
-9.96
13
1.04
9.00
0.26
-5.50
2.94
3.85
4.50
0.10
9
1.43
1.75
0.75
-4.10
2.30
7
1.03
1.00
7.40
-6.83
-3.00
7.30
0.33
4
1.60
0.06
0.44
0.21
6.14
2.57
0.68
-39.00
0.33
3.22
0.00
-5.50
1.89
6.00
-0.54
-8.87
0.01
-0.39
0.29
7.30
0.38
2.43
4.75
1.90
10.42
0.01
0.01
0.6540
-29.00
2.33
13.00
11.38
6
0.10
8
14
-2.70
-0.14
24
3.20
-2.67
8.00
8.82
0.00
16.50
1.20
9.71
8.20
0.01
-0.07
3.90
2.25
5.20
-0.30
1.14
0.53
1.30
54
0.13
0.95
240
0.01
0.67
0.43
3.00
0.06
-1.00
6
-56.00
10.83
-0.30
-0.50
-9.27
1.80
0.25
0.00
0.0900
0.01
0.08
0.25
1.14
0.11
6.80
1.24
4.44
1.50
-0.51
-6.88
4.89
1.29
0.89
0.30
-3.50
5.94
0.63
0.02
7.00
0.09
0.05
0.49
0.17
15.89
15.00
6.70
1.30
0.02
6.44
0.38
-0.59
40.11
4.10
1.00
1.31
12.00
-6.71
-0.08
-1.16
6.41
2.20
0.19
2.00
0.04
3.34
0.07
7.60
16
0.11
8.40
-8.25
0.29
-4.95
16.26
0.83
6.00
6.33
0.06
-3.00
4
0.24
5.60
1.19
-4.67
-0.21
-3.00
100.00
0.10
7.00
3.92
2.80
5.44
-0.39
3.34
7
8.67
10.40
-6.92
0.00
-1.25
0.30
1.17
-0.71
8.12
-0.99
-0.92
1.16
11.67
37.20
6.60
0.09
-2.00
-1.50
-18.80
48
42.21
0.00
16
12.00
20
3.74
-0.77
-0.66
2.36
16.33
30.63
-1.00
0.11
36.00
5.57
4.50
-15.00
-4.25
0.10
1.81
-3.56
1.3680
9
17.32
0.10
2.02
0
0.19
-3.50
8.8680
2.37
-4.60
2.40
1.07
10.30
1.50
0.00
-0.42
4
0.33
-10.53
-18.32
-23
-8.00
0.00
6
0.09
5.60
-200.00
60.23
-4.13
14.50
0.18
9.29
7.20
5.09
3.12
0.00
0.03
2.88
-0.75
1.60
0.85
-3.45
-7.50
1.10
16.36
-4.22
1.00
4.20
-1.67
2.00
0.05
-0.20
14.04
3.11
0.04
0.05
0.18
16
2.16
-7.00
45.20
1.75
0.69
3.78
7.20
4.80
-0.44
1.03
7.10
3.20
-4.70
-2
5.50
2.17
6.00
1.00
0.11
8.00
3
3.71
5.14
12.64
0.28
2.88
4.80
0.01
0.88
6.15
0.20
8.03
0.80
0.63
18
13.20
4.25
10.43
-8
10.20
2.33
3.93
2.27
0.00
2.67
4.00
0.01
1.50
0.45
-1.23
3.00
2.60
1.08
32.00
1.20
-6
0.15
0.75
0.20
-13.30
8.2475
7.10
0.16
1.82
-49.12
0.16
0.79
0.27
-5.00
0.70
0.33
-0.06
1.00
0.14
-0.28
0.00
0.40
0.48
-0.50
5.50
0.08
-1.75
18
0.03
11.77
5.86
8.44
0.40
-0.53
2
3.00
0.37
1.50
0.23
0.00
8.67
7.81
0.10
2.00
-1.50
20.00
11.90
8.42
4.83
0.63
-0.10
6.13
0.36
0.06
1.89
9.00
7
6.32
0.15
5.40
2.70
0.78
0.10
0.07
8.83
160
1.30
0.30
-7.14
0.33
11.00
0.06
8.88
0.88
1.60
0.78
0.37
-1.44
0.02
8.17
1
0.15
-22.75
1.76
3.88
0.00
-5.80
0.17
1.39
7.33
0.13
0.94
1.1740
0.63
1.60
0.40
6.83
0.01
7.40
0.00
-5.96
-0.02
1.45
13
6.50
12
0.48
0.05
0.02
1.83
0.44
0.00
0.50
4
1.40
0.11
0.13
0.57
-2.70
22.50
7
4.00
21.33
2.6500
0.44
1.00
-9.98
4.22
4.20
36.00
0.07
19.44
7.43
-372.54
0.33
17.7500
3.86
0.56
3.67
0.08
1.4431
0.57
8.00
-0.65
0.22
0.01
3.63
1.42
-5.33
7
18
-9.33
-0.73
5.00
8.30
3.5200
10.83
5.27
3.00
5.00
0.13
4.00
9.11
-9.94
10.36
0.20
0.5467
0.11
0.0000
33.70
10.00
-3.17
0.35
4.50
14.25
432
3.02
4.00
14
-8.12
0.02
0.30
0.02
-9.50
4
-3.9063
1.15
5.67
3.22
2
6.17
-2.17
2.29
0.2400
1.10
0.64
0.10
0.03
-32.50
9.00
0.72
0.50
-0.06
-1.75
9.88
0.4050
0.17
3.64
2.39
0.04
2.00
4.68
-4.86
1.75
0.04
4.46
5.40
-0.29
5.26
-7.67
4.00
2.67
4.67
-0.14
4.00
1.50
0.01
1.00
0.22
6
10.00
2
0.0021
1.82
0.01
6.10
0.36
0.80
32.50
4.69
3.89
3.21
0.17
1.45
-8
0.40
44.33
0.77
-8.9400
0.60
9.00
0.03
-4
1.68
4.88
0.08
0.88
7.25
0.29
8.96
0.19
5.50
1.68
0.01
-0.04
0.0050
0.03
-8.98
0.08
0.25
-0.29
2.93
13.92
-38.25
0.11
0.24
0.78
-1.00
0.07
5.33
2.00
1.30
0.02
2.43
1.50
-2.95
1.40
14
-5.77
0.04
0.44
2
-1.27
8.90
34.30
9.80
8.50
5.33
0.00
-1.45
0.76
0.01
0.60
-7.01
-0.50
1.08
1.99
1.53
16.00
0.48
0.78
12
0.05
45
8
7.00
1.40
0.88
0.68
5.07
10.14
-0.90
1.06
0.97
0.84
-5.98
9.19
60.69
6.00
7.00
17.30
0.06
0.50
15.50
2.11
8
12.80
-3.07
-5.11
5.19
-3.37
-5.33
6.06
0.02
-4.65
9.00
0.00
1.37
1.72
3.76
35.1353
1.21
1.23
0.01
0.18
4.25
1.50
0.05
17.60
0.94
0.01
1.47
-2
13.50
6.25
0.50
1.15
-37.35
-0.95
10.20
-6
-4.40
0.03
72
10.00
13.69
1.43
0.13
-0.06
18
-0.11
-7.78
-10
28
3.09
4.43
7.87
-2.71
166.67
2.29
-5.57
7.43
-0.81
2.31
6
1.22
6.40
-3.61
2.83
-1.82
-3.82
0.11
-7.00
-0.10
-0.22
0.19
0.01
-0.90
5.89
0.25
0.01
4.50
-5.35
9.13
0.01
-10.94
17.22
0.00
5.78
0.02
-0.30
10.78
6
1.82
0.50
2.00
0.67
67.37
0.78
-6.75
-4.78
0.52
-0.13
17
0.01
10.50
-17.60
2.63
0.02
0.74
5.50
6.06
-9.00
-3.66
-6.00
8.01
5.98
6.17
17.00
-0.28
4
0.10
8.57
0.20
3.43
11.11
0.23
8.80
-0.49
12.93
-8.93
0.05
0.11
0.15
0.19
2.77
21.50
0.08
23
9.61
0.40
1.00
0.12
0.07
14.00
-3.17
3.32
1.40
20
-7.77
0.02
0.02
7.64
0.77
6.28
0.70
0.17
0.44
-86.00
9.64
5.71
12
-0.0550
0.42
0.30
17.68
7.40
-6.00
1.0793
-6.97
9.96
-6.66
-6.10
0.72
8
0.01
9.00
0.51
0.00
5.06
12.95
2
-3
0.67
5.00
20.10
2.5000
0.02
8.10
-0.16
5.71
-2.40
-13.33
1.87
0.83
4.67
10.35
2.50
0.17
3.3600
-0.63
0.05
0.53
7.67
6.20
-0.38
0.33
-2.75
0.01
0.07
-3.09
0.07
-9.99
1.00
-2.00
1.00
-7.40
2.75
0.60
22
0.18
5.29
0.50
0.40
8
0.1870
0.22
10.73
-0.20
7.23
11.61
0.17
12.66
7.50
0.91
-0.09
0.06
9.00
100
4.80
0.01
1.4000
-3
0.13
0.1150
3.00
1.40
1.88
7.00
1.08
0.61
-0.83
0.40
-5.71
2.13
94.86
6.00
0.86
3.6864
1.61
2.25
-0.19
10.00
-1.68
0.33
0.66
27.00
1.26
-15.77
0.00
0.20
1.75
0.42
4.86
0.05
1.71
-0.78
0.07
3.32
0.84
0.3000
-9.93
49
1.43
-6.12
1.19
-4.38
9.18
60
-3.40
-5.50
90
0.68
0.21
1.20
0.00
40.33
-0.58
-3.68
3.82
5.63
2.97
1.00
0.41
0.20
-1.38
0.96
1.04
3.00
6.00
8.50
1.86
84.00
-7.40
0.70
3.33
1.32
9.89
0.65
-9.87
0.25
-7.87
-0.27
-3
0.03
70
0.25
-0.14
0.04
31.00
0.31
1.11
0.59
17
-3.44
0.61
0.00
-2.60
8.56
10
0.50
-4.40
6.85
0.10
2.40
4.95
-4
10.43
7.34
4.23
0.28
0.40
8.50
-0.05
0.39
0.01
0
3.00
-0.10
-4.25
1.31
0.00
0.24
76
-9.29
70
6.33
8.53
0.07
6.10
-17.32
1.42
0.54
6.11
0.01
16.20
67.50
0.02
1.80
12
8.20
10.56
9.85
12.34
2.86
0.82
-0.52
1.07
2.98
12.12
1.00
12.28
1.50
10.17
1.70
1.11
0.90
-1.60
9.80
6.57
-5.62
0.21
16
-10.51
34.40
0.03
0.25
0.41
-5.83
32.44
0.24
2.43
-0.24
40.33
-0.05
-6.23
4.60
12
1.30
-1.25
2
12.00
17
0.83
0.01
2.67
0.00
5.40
20.00
4.45
6.07
0.60
10.00
8.04
0.00
0.55
7.03
5.75
5.02
-2.00
0.0200
-0.80
0.71
-38.50
-11.80
0.01
0.42
10.43
7.00
-1.30
0.2580
0.08
0.14
1.48
-0.21
11.00
0.94
1.02
0.68
1.00
2.40
3.1453
8.33
6.67
72.18
-3.87
4.50
0.83
100
3.40
0.13
0.07
4.80
0.70
11.63
0.01
0.01
4.20
3.79
7.93
0.02
1
0.15
1.90
-2.80
14
0.14
-6.48
93.32
3.70
3
-7.96
0.02
3
0.40
0.07
0.02
6
0.28
31
0.60
0.13
-3.86
5.97
9.31
8.00
16.00
4.00
4.30
10.80
0.35
3.50
-4.55
1.03
0.08
8.00
0.01
0.01
0.60
1.29
-0.50
-6
20
2
10.60
49
2.14
1.25
0.20
4.20
-4.25
-12.11
-10.80
-0.72
0.60
-0.22
0.1700
15.39
-0.73
2.58
0.03
5.00
1.00
-0.05
3.26
7.13
2.17
6
-0.62
11
41
0.01
-7.20
0.01
0.30
0.33
0.20
3.20
10.23
0.88
0.04
0.00
1.05
0.08
22.22
7.94
0.01
5.40
10.78
10
8.77
7
0.00
0.96
0.40
-1.60
1.54
0.67
4
0.71
0.10
1.60
1.29
4.55
0.37
0.29
30.00
1.00
0.03
1.62
5
6.03
8.41
40.71
1.98
-3.50
2.33
0.00
2.48
0.74
0.44
5.75
-0.41
-1.00
0.31
-3.38
6.85
7.24
18
-0.46
0.00
6.32
-3.96
-2.33
-52
9.80
0.05
6.91
0.03
5.33
9.75
6.50
-2.62
9.50
3.00
9.75
0.04
1.33
10.00
5.10
0.30
0.30
8.54
-4
7.31
1
9.50
10
0.43
-8.50
0.08
26
-0.81
0.04
0.66
-3.63
2.67
2.75
0.01
0.20
10.13
0.01
-3.58
150.00
12
0.04
-5.88
0.29
-16.71
15.50
0.74
1.50
0.93
10.50
9
4.36
1.13
0.17
-1.01
6.00
1.68
-1.70
0.01
0.02
0.33
10.6875
7.80
-0.86
3.08
1
1.20
40
3.33
13
27
0.10
0.11
0.29
0.12
2.57
0.20
11.29
-0.26
18
0.32
0.38
0.71
0.75
-2.33
4.96
9.71
-9.76
0.50
6.89
5.05
0.20
3.33
0.14
0
0.74
0.60
-1.38
1.0812
-0.86
0.08
0.38
-7.82
5.00
0.17
0.17
9
7.26
0.60
0.04
0.33
0.27
0.06
-2.32
12.67
0.06
2.50
9
-1.11
1.75
0.04
4.50
0.17
4.75
-30.77
-0.03
4.86
0.89
0.01
1.50
-9.33
13.26
5.27
0.03
0.42
13
0.83
3.10
60
0.2200
-8.00
5.04
0.13
1.11
13.50
-6
0.01
9.00
8.30
0.90
17.80
2.09
-17.00
-0.42
-1.00
0.09
1.50
0.50
-0.63
42
86
4.68
0.01
13.92
5.00
10.34
0.91
-0.33
4.50
3.15
2.06
1
-5
-5.20
-9.41
5.25
0.00
-0.05
5.35
0.07
-0.3040
0.02
0.92
1.22
15
-0.20
-7.29
-0.80
-1.67
0.23
6.04
12
6.40
3.77
0.94
-0.11
9
0.00
2.38
2.67
-1.43
60.00
-1.09
0.00
0.40
2.00
7.02
0.31
-0.75
4.67
0.20
50.13
1.55
0.03
6.30
-1.80
34.23
0.00
-0.90
10.50
-7.53
0.40
0.00
0.03
20.67
3.00
49
0.07
0.07
4.11
5.25
2
2.57
-3
12
3.42
2.29
10.75
0.00
0.15
0.07
-6.11
0.30
10.00
0.06
7.00
3.71
0.70
0.89
-0.54
0.16
336
0.00
9.9460
-1.70
11.12
0.67
0.00
0.11
0.12
-1.56
1.47
0.32
7.80
0.37
0.01
0.06
-0.83
0.75
0.04
0.55
6.00
0.57
8.00
18.75
0.02
0.08
0.42
0.68
0.60
0.04
0.66
9.29
0.80
7.12
2.20
0.24
6
0.21
-5.89
21
0.01
1.20
1.40
10.15
0.01
6.88
0.35
0.96
0.67
5.06
-7.75
-0.49
1.96
9.01
-1.90
8.00
42
0.06
-1.49
0.64
6
0.43
0.05
-6.30
4.04
6.33
6.80
0.19
4
-7.60
1.21
0.33
0.37
-7.61
0.9478
0.30
2.25
-0.95
-30
30
-24.00
1.89
1.66
0.17
3.60
5.07
2.93
0.08
-9.98
48.50
1.50
11.75
7.90
0.18
11
24
0.04
0.50
3.67
2.73
0.29
0.75
1.13
43.74
-0.34
14.24
0.05
0.44
2.30
0.25
11.86
4
6.89
3.38
0.05
22
-3.30
-0.36
-60
2.50
20
0.07
1.40
9
0.83
64.03
-0.15
18
0.86
7.75
0.46
0.03
0.25
-13.97
495
0.01
-1.47
0.04
-0.70
40.00
-2.37
0.27
14.60
80.00
0.14
8.33
-68
9.00
0.42
-22
5
-18
-5.30
0.00
0.03
0.02
-0.30
0.01
0.05
2.00
0.01
0.35
7
-3
-0.47
7.27
0.26
0.48
2.76
12
10.50
0.31
0.72
22.20
0.03
0.33
-0.02
3
1.91
0
0.32
0.45
1.26
-0.80
16.00
12
-9.71
7.93
8.38
-0.39
0.10
8.94
7.00
3.74
0.39
0.00
3.57
0.02
1.28
6.14
8.12
1.8060
4.87
5.60
0.10
74
-0.93
-4.67
-10.08
4.70
7.93
2.40
8.00
3.24
6.67
-0.50
6.83
17.60
8.29
4.99
5.01
2.70
1.17
0.05
0.32
1.12
0.00
0.57
1.14
-160
2.80
3.00
0.00
16
9.40
0.29
1.07
0.42
8.01
44.00
11.04
0.02
27.29
-1.29
-5
17.29
0.09
0.11
0.35
0.01
0.42
0.06
5.60
4.00
3.40
0.29
13
1.00
70
3
8.55
0.17
0.10
-8.50
80
4.00
1.50
9.00
0.28
4.29
6.50
4.33
0.01
1.63
0.99
0.02
1.75
0.27
0.38
16.98
4.11
0.20
16.33
0.24
0.03
12.30
12.00
2.18
2.86
0.09
3.64
11.34
6.83
7
1.78
1.14
-4.95
5.70
-6.3432
8.00
1.75
0.1920
46.90
-0.43
0.00
-1.37
0.00
5.40
30
8.57
-4
12.50
4.30
-0.90
10
54.00
0.58
0.36
-0.66
-10.42
-0.92
14.00
3
-0.35
3.00
13
17
-0.12
-2.50
0.11
7.88
-31
11
0.04
0.56
8.00
7.80
0.03
666.66
0.02
-4.36
18
0.64
0.0000
0.17
35
0.9000
21
-6.60
40
0.00
0.02
8.00
0.0891
2.00
-0.40
0.88
5.90
2.60
8.91
35
-3.87
-2.33
7.20
-64.80
3
17.14
4.20
-2.60
17
9.68
0.14
1.50
8.17
2.40
0.01
1.28
0.00
0.92
-4.25
0.58
2.34
16.25
-0.66
-1.17
-0.73
-1.67
-6.05
-9.58
0.05
42.40
-0.67
2.70
0.18
24
1.50
-16.00
0.56
-5.25
-5.40
8
6.00
0.09
1.60
1.11
-5
6.67
1.60
4.27
7.67
0.07
16
0.11
12.00
0.11
1.25
0.21
3.21
9.19
1.50
4.30
0.03
0.59
0.38
-9.33
-7.62
0.00
12.60
2.00
5.00
8.55
0.01
0.04
6.71
0.04
0.03
-0.87
0.22
-2.85
-9.10
3.50
2.20
3.33
6.50
0.25
7.15
9.43
0.40
0.01
10.78
61.00
0.71
9.8240
-8.33
-6.71
1.33
1.76
-79
0.55
14
0.13
0.01
-1.83
-5.29
0.28
42.70
7.20
97.20
9.56
9.00
0.78
0.05
20.30
0.03
0.83
-0.50
6.03
4.80
-0.03
-9.02
10
-3.50
1.19
-0.26
9.25
-0.13
1.00
0.07
-6.81
50
0.01
-0.50
3.40
1.00
55.98
-5.99
-2.89
1.17
0.27
1.20
1.70
14
2.87
-9.27
-16.75
3.20
1.78
7.60
0.12
9.78
0.05
0.80
1.33
63
0.06
-4.00
72
3.81
13.20
3.69
-3
10.70
5.90
-5.4975
0.25
-0.99
0.24
0
19.20
1.10
4.22
0.44
13
0.0133
4
8.17
0.14
-7.96
1.25
4
-35.25
0.54
-6.55
0.13
0.00
-0.05
0.00
12
6.40
0.01
193.40
4
1.78
37.26
0.01
16.00
0.37
10.00
7.14
3.52
19.03
0.01
1.50
0.03
10.29
0.60
0.12
6.93
38.68
-2.00
9.15
-1.12
14.33
0.12
12
0.21
0.08
14.57
100.25
-1.29
-0.76
32
0.12
0
-6.20
0.34
0.76
6.44
0.31
0.87
-7.72
15.00
1.32
2.50
36.70
0.00
1.43
-2.81
15.99
0.01
3.00
2.11
0.83
4.80
6.75
0.07
0.77
0.32
0.48
0.86
0.17
0.80
3.00
0.23
9.43
0.07
0.51
-0.28
15.67
0.10
0.43
-6.42
-1.07
7
-0.07
-0.44
-0.28
0.23
1.67
5.30
0.10
12
-11
0.70
12.04
5.38
0.0780
3.85
0.31
1.23
38.00
1
17.10
0.60
-1.80
0.00
1.27
-8.97
9.00
-5.29
10.33
0.71
6.40
0.04
5.60
-8.71
0.43
0.27
0.15
2.33
10.20
0.89
0.05
2.50
56
2.14
7.10
5.71
3.20
-0.75
0.01
13.33
3.60
1.76
23.75
0.59
25
5.16
34
0.00
18
10.38
0.39
1.03
5.90
-2.75
0.00
-0.78
4.10
0.56
0.01
1.00
-3
2
10.20
-6.00
3.20
-2.83
3.17
1.88
-0.15
9.58
0.40
1.89
14.80
0.04
7.29
1.25
0.50
1.71
21.00
0.17
0.40
5
0.06
0.05
-2.00
0.00
4.25
-0.89
16
0.14
5.21
2.05
14.01
0.23
7.95
10.50
7.50
5.00
0.50
-2.17
6.33
8.67
4.25
-0.9152
7.67
-0.36
1.67
0.01
2
1.38
0.32
1.21
5.00
-5
-0.89
10.84
-7.06
1.40
7.1900
0.05
2.75
3.89
0.0200
-4.3472
5.00
7.14
8
7.50
0.25
2.66
-5.00
6
2.80
11
-32
0.23
0.14
-8.57
4.50
-0.37
0.40
0.44
14.67
0.01
7.24
0.00
1.68
5
-36.25
0.29
1.00
2.47
0.70
-0.11
6.65
46
48
4.73
4.40
7
1.65
4.90
-7.99
-6.00
0.45
-8.58
3.94
0.31
2.64
8.13
10.50
0.50
3.11
-0.42
2.40
3.6046
0.93
0.00
12.01
4.67
8.67
0.0225
2.10
2.73
0.02
-5.99
0.71
3.50
0.33
18.06
5.20
30
4.50
-0.63
0.03
11.70
1.70
0.01
-0.91
-0.11
6.60
7.45
0.50
3.37
1.10
0.04
-0.6450
5.60
5.60
17
4.50
-17.75
7.40
10.40
0.13
15
0.06
0.40
2.33
0.75
37.80
-6
-0.59
2.73
0.15
0.20
18.00
0.78
1.98
-0.10
-0.28
-3.60
0.97
0.61
1.71
1.01
0.04
2.00
-0.55
1.89
9.25
-0.19
0.6900
5.67
1.03
4.26
3.01
0.30
0.19
10.30
0.18
0.00
7.63
3.30
13.36
-2.64
-39
1.26
0.01
0.15
-3.67
3.75
0.36
3.40
2.40
0.00
8
49.00
11.00
1.80
13.00
0.83
0.01
8.80
3.80
7.50
4.22
13
8.75
10.87
19.25
-2
9.16
6.00
7.12
2.40
-7.96
0.60
0.67
45
0.33
-1.29
5.82
0.97
6.33
-4.90
8.00
0.02
6.80
-1.75
0.1690
1.20
-30.60
2.02
3.00
1.11
18
-0.13
5.34
1.03
-5
0.03
0.74
-11.20
2.30
20
19.17
10
32.00
21.04
0.13
1.56
4.46
4.80
-5.40
13
1.0800
4.13
8.57
0.03
-7.33
0.63
0.41
32.20
0.40
12
2.90
0.00
4.63
-0.95
3
-22.86
10.00
4.00
1.32
4.40
0.80
0.07
10.43
7.6200
0.03
0.17
-3.57
-0.85
14
-7.99
30
0.60
-2.00
0.02
0.84
-2.86
-0.43
0.02
4.44
9.20
-5.71
3.56
38.5500
-3.85
0.01
1.20
18.00
2.50
0.14
20.86
1.30
0.09
10.33
7.50
0.14
-7
8.98
1.10
0.50
-3.33
12
-0.58
5.40
9.00
0.17
-6
0.14
0.10
3.96
6.57
0.16
80
7.70
-4.80
1.64
0.84
4.25
5.14
1.76
-0.30
0.01
-0.01
4.17
-6.25
-5.64
0.00
-8.47
7.6480
0.80
-3.98
-0.80
-2.03
10.35
1.83
0.17
16
2
0.91
2.96
-11
9
1.17
-7.67
8.10
-1.50
-7.14
4.50
14
0.80
0.50
4.7000
6.83
1.00
11
0.72
0.91
3
-15.37
1.17
0.01
2.67
0.01
10.06
1.20
0.21
6.80
0.63
12
1.53
-9.88
1.33
18
6.37
11
0.13
3.1500
0.89
1.00
1.36
16
0.24
36
7
8.33
-3.00
0.19
2.32
0.92
0.72
0.17
0.40
1.75
5.13
6.00
2.02
5.73
0.25
-0.61
4.60
7.00
0.27
0.04
4.03
13.83
0.38
1.12
25
10.01
8
0.0000
-8.72
2.43
-10.15
0.27
12
0.01
9.02
0.10
-46.50
0.96
3.39
2.57
24
-3.93
12
9
4.49
2.82
1.26
4.80
4.25
-0.05
0.07
-6.00
3.40
-3.57
-0.03
8.01
0.02
0.20
8
1.78
18.30
0.23
0.03
-6.3196
4
0.25
3.33
0.74
0.7500
436
0.06
-5.57
0.02
0.08
0.02
0.92
-9.19
-2.95
2.80
-0.21
-0.6408
-2.25
2.86
2.25
6.25
17
0.0399
-0.2025
4.40
0.09
-6.79
5.25
-6.44
-4.74
-7.50
15
7
3.3836
6
1.36
12.10
0.05
2.20
83.23
1.90
0.52
0.03
0.40
0.76
35.10
9.50
8.00
0.01
0.05
11.60
1.00
0.17
14.00
7.67
0.29
2.38
1
4.11
3.00
11.50
-4.22
0.02
-1.86
12
0.20
-5.71
0.76
0.87
0.50
2.94
0.42
1.32
0.86
0.00
-7.75
8.57
0.56
0.7960
0.81
2.56
0.71
0.43
7.60
6
10.00
-6.59
6.50
-2.85
4.00
0.60
33.25
-6.90
0.06
-2.89
0.01
1.00
8.50
3.25
18
0.92
1.20
1.69
1.80
13.00
0.15
0.60
0.23
94.00
0.57
0.33
8.96
1.00
0.00
1.20
5
5.78
0.25
56
0.13
1.70
-0.49
0.27
0.15
0.80
0.77
-3.62
3.20
-2.70
2.68
0.40
0.00
7.7260
-0.22
-8.33
8.90
1.4650
6.44
-5
0.65
1.50
1.33
-3.29
-5.86
0.17
1.60
0.40
0.69
5.60
-4.10
4.20
-4.77
45
-5
1.19
7.80
2.34
-0.02
-35.44
0.24
2.80
-5.67
2.25
3.02
3
0.01
9.25
0
-6.71
5.57
0.11
0.50
1.13
3.50
4.00
29
0.70
0.62
0.62
1.40
9.43
-0.38
5.66
-0.70
5.00
-9.60
-0.21
0.11
-8.00
-1.00
13
-0.57
1.42
-2
10
2.19
1.33
-76
-1.33
0.12
9.00
4.00
0.70
0.00
0.40
0.36
1.43
0.50
1.40
3.90
9.73
2.20
1.20
-7.06
0.71
0.03
0.98
-0.77
0.98
6.65
6.13
0.11
4.00
-9.40
-3.37
7.56
0.09
0.06
0.00
1.89
0.21
0.85
-23.44
0.0130
0.00
-2
0.43
-5.00
3.12
2.50
1.20
-15.43
0.00
-11.70
25.00
0.00
10.17
0.33
-0.37
0.10
10.13
0.02
0.98
-0.05
68.45
0.90
8
2.45
0.01
-0.63
0.00
7.20
40
76.02
10.40
9.22
-1.50
-1.50
2
4.20
0.03
1.25
0.02
-2.38
0.57
1.0250
0.38
28
-0.12
0.02
3.33
1.60
7.10
1.29
3.67
0.00
0.38
-0.98
-1.87
0.25
-12.80
71.00
-54.96
0.00
3.86
0.25
-1.17
-0.11
0.45
-8.00
3.33
5.90
4.31
8.00
1.26
2.50
0.67
7
-0.33
-3.50
9.00
0.02
6.00
45.39
0.93
7.60
0.23
1.20
11.80
-6.37
5.11
0.01
0.22
3.70
3.14
0.75
-0.67
-7.20
0.0603
2.79
2.86
-0.05
1.43
0.26
1.00
-0.01
0.25
0.02
2.3706
0.1449
0.04
1.67
-9.13
35
0.14
0.35
0.18
-8.29
11
10.90
0.14
0.51
0.03
0.06
11.56
0.10
0.10
-5.06
0.60
6.26
5.10
0.55
19.43
2.01
-0.23
3.09
-6.98
-2.00
8.96
-9.40
0.12
-0.07
6.09
-0.71
6.90
1.30
1.67
2.13
2.98
0.03
7.33
0.45
0.01
3.32
-0.21
1.08
0.81
36
-4.20
9.00
0.47
1.34
1.50
8.00
1.00
0.20
-30
0.35
0.80
0.48
0.62
0.17
0.06
14.70
0.27
0.03
6.13
1.58
6.15
10.99
0.08
0.02
18.00
-26.10
1.80
0.11
-2.50
0.22
1.00
11.06
5.20
7.13
0.06
-0.50
0.14
0.50
4.34
-0.20
0.4400
4.22
9.71
74.69
0.01
6.58
0.20
-11.00
-1.20
7.00
1.33
10.25
10.00
0.14
0.15
0.75
4.66
1.00
-0.32
1.75
0.01
-0.07
57
-7.66
5.50
3.6400
4.98
1.12
-9.43
0.13
11.00
1.47
0.39
2.67
0.12
11.56
13.50
0.02
4.00
0.33
24
5.86
-6.88
1.80
480
11.00
16.00
8.52
26
10.33
0.29
-1.6920
1.67
0.90
0.98
0.31
0.40
4.00
-0.03
8.00
4
0.60
1.00
1.00
0.80
0.22
2
0.25
12.38
2.34
51.38
1.30
4.6140
0.06
-7.33
1.60
1.80
10.38
9.67
-5.67
-0.26
4
5.82
5.43
0.47
7.47
1.00
0.57
-9.40
0.45
3.57
3.86
0.29
0.0028
-4.13
-5.20
0.19
0.70
0.84
-50.00
0.74
-0.60
1.40
15
0.54
83.33
-6.00
0.01
7.09
30
2.00
2.72
0.00
-0.64
0.14
1.67
0.39
-0.21
-2
11.00
0.11
4.82
0.02
0.38
2.00
-0.70
0.89
19.33
0.01
-5
9.20
-4.54
5.44
0.04
0.10
-2.10
0.13
0.17
20.90
7.06
1.10
0.00
4.44
2.40
-0.94
8.77
1.30
1.16
0.08
0.05
-11.63
-0.38
-15
-1.50
0.05
-2.63
560
2
9.90
1.24
-0.07
-10.00
0.09
1.50
9.57
-0.68
0.08
-5.50
1.60
-6.97
0.25
-9.95
0
2.40
10.30
-9.99
0.80
0.30
8
1.14
6.60
0.11
0.85
0.12
54
1.11
-1.60
0.96
9.0323
0.33
0.07
-6.90
0.49
0.07
5.14
6.50
2
18.75
0.17
-4.29
-8.33
0.75
0.14
11
0.05
2.50
4
0.98
1.67
0.13
2.94
5.22
22.50
0.31
8.10
1.16
3.98
31.50
12
0.30
0.10
-1.90
0.36
10.20
50.40
0.78
1.33
10.63
1.09
4.60
0.13
-8.20
-0.67
10.93
-1.67
-5.96
1.0900
8.00
6.97
6.94
0.60
0.99
7
3.42
0.85
-1.24
-0.76
2.00
-2.13
9.62
0.00
1.62
-8.50
0.00
-0.16
0.17
26.00
2.67
9.00
-0.45
3.20
30.80
0.61
0.05
0.21
-1
2.57
-3.80
-1.50
-7.71
0.93
4.50
-5.44
0.45
0.99
0.01
2.66
0.73
8.00
2.68
1.13
1.91
0.01
0.08
8.00
2.87
0.10
1.34
0.28
17.85
0.11
0.60
1.59
2.38
2.00
7.00
0.00
0.90
-0.20
0.86
8.36
1
0.01
8.86
9
55.26
0.02
7.09
-3.60
72.80
0.03
-1.70
-2.98
8.37
12.75
0.0150
-9.00
11.40
-21.28
40
14.04
0.15
1.29
0.60
-0.13
16.70
3.18
7.17
0.06
0.06
28
-29.44
-15.99
4.80
-0.92
2.89
0.17
-1.89
19
-0.10
-0.02
0.53
-7.00
1.01
0.33
0.0600
5.50
-0.23
9
0.04
2.33
0.00
15.25
-0.54
0.28
-5.00
-0.61
-2.57
0.06
-1.86
0.35
0.00
-0.73
2.70
9.00
-4.60
16.57
0.17
0.04
0.07
6.00
-0.24
-0.50
-5.25
4.10
0.24
-4.73
9.60
4.3000
-0.86
0.22
2.00
1
5.25
0.30
3
5.31
7.00
0.01
1.55
3.94
14.00
0.48
1.13
1.75
-10.70
-0.97
0.75
1.89
0.80
0.04
-5.17
10.75
2.09
25.41
0.02
4.43
0.54
0.02
0.54
10.26
0.70
-0.05
1.00
9.25
1.13
6.58
-0.51
7.01
0.17
82
4.02
7.57
2.33
0.33
-0.03
1.75
0.00
3.44
1.50
0.00
14.80
0.86
-0.23
-8.75
0.08
-5.00
-1.99
5.94
-3.57
0.06
-0.40
0.01
5.25
-0.61
23.45
-3.00
-3.30
0.09
16.80
-1.96
3.11
3.89
0.90
1.25
3.33
2.80
0.06
-0.10
72
0.09
0.83
0.01
8.49
0.27
4.39
0.53
0.63
-8.96
0.52
8.48
1.60
0.18
0.00
4.00
0.8244
0.11
0.06
0.01
4.53
0
-2.56
-2.80
0.03
0
-3.87
-0.63
1.00
1.65
0.20
0.53
5
-0.80
6.88
1.58
-2
50
8.33
-4.93
3.67
1.13
-1.78
0.13
0.01
0.05
9.44
-11
1.74
8.72
0.13
4.00
1.92
-3.12
0.04
0.22
6.44
0.53
-0.01
1.00
0.18
0.29
0.11
-2
48
-0.51
0.06
1.69
0.08
4.11
-0.13
1.31
9
6.99
-3.73
0.13
70
0.90
-0.40
2.08
0.05
10.25
2.00
-559.89
-0.56
0.60
0.44
21.50
0.69
10.00
-0.90
0.90
0.42
0.69
79.74
6.08
7
2.60
42.00
3.67
10
4.91
40
0.04
-0.43
0.03
-4.57
-2.42
0.05
0.30
8.35
-5.30
8
0.11
1.25
-1.86
0.17
-37.75
-5.79
0.01
0.03
0.16
4
15.78
5.17
15.00
0.87
-6.29
0.43
2.54
14
2.60
0.11
-7.69
-0.02
0
1.89
0.47
0.00
1.00
-3.2450
19.74
36.00
3.30
0.15
5.00
1.32
-0.23
-3.75
8.07
0.17
0.56
-10.62
2.60
-6.99
-0.80
0.03
71.78
1.73
1.79
6
12.50
0.25
8.70
0.60
0.17
2.86
7.12
1.24
4.25
0.03
-50.27
0.60
4.00
0.15
5.40
4.50
13.89
2.42
6.63
0.01
-0.34
4.03
-4.70
16.11
0.57
3.71
0.01
1.43
0.16
0.8800
0.70
-0.56
0.39
-3.50
0.33
0.46
0.58
0.01
3.66
0.51
-1.34
-9.71
9.63
11.10
6.43
0.1240
-0.47
0.58
2.00
6
8.72
5.37
4.95
0.03
62.26
4
0.70
0.01
0.99
10.00
10.50
6.19
1.32
0.04
12.00
16.40
59.25
0.26
0.93
0.3752
35
3.60
-2.67
3.37
5.00
0.05
6.25
0.34
72
1.00
0.20
-6.75
49
-0.90
1.21
1.60
24
11.00
-5
-7
1.00
4
-2.12
0.36
0.01
10.84
0.97
-3
1.27
0.00
0.63
5.00
17
0.10
1.29
8.40
0.29
1.00
30
10.50
0.04
1.50
15
1.37
7.44
0.38
-3.50
-7.43
5.60
0.50
0.01
-0.90
10.87
3.58
0.00
0.01
0.33
0.60
0.03
0.94
0.04
8
0.01
-9.95
9.20
1.37
0.00
-4.67
1.33
1.18
2.01
1.00
0.45
0.50
1.02
0.00
3.57
-0.10
0.06
1.51
12
4.50
6.00
0.01
0.13
0.00
-6.20
60.57
-16
3.00
63
1.00
0.56
-0.34
12.00
-1
0.02
4
6.52
10.04
3.39
-0.64
22.67
1.33
-4.03
0.51
12
10.78
0.56
1.83
-0.50
5.70
14.25
1.90
0.03
0.90
-2.22
0.34
0.50
0.83
0.87
0.06
27.07
0.25
0.45
5.00
-1.86
16.40
1.60
0.02
5.13
8
3.75
22.90
0.07
3.60
1.86
0.81
-4.63
4.11
0.02
-1.99
1.89
-4.64
0.14
0.00
1.13
4
1.50
4.42
-0.03
0.12
0.25
4.00
0.34
-0.99
0.38
1.50
16.50
2.50
-0.47
2.22
1.88
-0.17
0.21
-1.46
4.29
0.18
-0.96
6.67
0.37
11.20
0.16
12.43
-5.87
80
0.17
-2.67
0.78
5.45
39.60
7.20
0.02
0.00
1.67
0.95
65.40
6.65
-5.17
-0.53
6.70
6.71
24.57
0.51
5.97
4.01
0.01
0.00
8.90
0.80
-1.62
-0.10
0.13
0.01
0.41
2.80
-7.48
15.99
3.00
4.03
30
1.78
-10.60
0.86
6
3.89
-79.67
0.68
9.00
0.02
-27.00
-2.00
6.67
2.86
7.30
6.20
6.70
8
1.72
0.16
30.00
0.33
-0.13
-0.12
0
8.00
-6.96
1.70
-3.89
2.71
42
-6.14
12.03
-1.11
6.09
9.01
0.3600
4.02
0.02
0.06
-0.03
1.14
0.06
-6
0.75
-2.50
0.08
2.16
0.10
3.55
-7.79
1.02
-0.42
0.89
0.34
3.79
1.49
3.17
-5.40
1.50
70.47
10.60
1.49
9.57
0.66
-1.60
1.03
3.00
2.91
-1.75
0.04
11.75
15.67
0.11
0.44
0.86
-9.10
5.36
-12.50
0.13
4.86
0.02
-0.34
1.08
1.67
12
0.60
29.97
6.03
42
-5.73
-42
2.00
-6.40
-0.48
0.25
2.72
0.02
56.88
4.45
3.44
-5
0.29
3.38
4
-40.98
0.25
1.67
-4.00
-2.40
49.00
0.69
5.40
-9.29
0.03
-7.86
1.07
1.15
1.40
0.03
0.89
-6.50
0.75
1.67
0.02
1.11
0.09
16
0.10
6
0.56
0.67
0.01
8.78
0.50
1.13
4.00
-6.11
5.96
-0.50
0.03
0.19
-7.50
1.53
10.29
130.68
7.47
0.46
0.50
10.50
0.01
6.06
10.00
0.01
0.98
6.14
-4.70
128.00
-1.56
3.52
-7.22
0.17
-0.10
1.53
75
16.00
3.12
0.23
0.1850
3.78
0.18
-1.35
6.25
0.11
0.45
-14.50
6.40
0.00
0.03
-0.43
0.91
-3.50
8.75
11.70
18.00
1.76
0.03
36.00
3.70
0.90
24
16
2.09
0.2537
0.85
2.80
3.01
6.88
-0.60
0.10
2
1.14
0.93
-3
1.80
4
1.09
-3.17
180
6.06
10.09
0.04
1.03
3.15
0.14
-1.97
-0.90
1.90
1.54
63.80
4.03
-5.00
-5.00
-1
1.72
-1.33
0.81
-5.02
2.33
4.44
1.44
0.01
0.13
0.52
3.50
4
-0.59
0.1050
3.75
-8.23
-0.20
7.60
0.17
16.86
-5.99
0.57
10.50
5.76
2.29
-12.20
7.04
0.12
9.10
7.03
0.01
-0.10
0.03
4.04
-0.89
-3.60
0.01
5.71
-6.00
-0.06
-69.80
8.11
8.20
24.69
6.61
-0.27
16.87
2.89
17.75
0.11
2.10
0.86
-2.86
0.03
14.43
1.20
-5.11
0.41
0.09
3.00
0.30
7.4400
28.00
5
10.30
13.89
0.33
7.33
12.78
16
0.42
-0.46
12
1.13
0.22
13.50
5.57
0.04
8.77
3.59
0.06
1.25
0.09
13.33
-5.75
-6.26
-9.89
24
0.13
-7.91
1.04
5.00
-7.50
-2.80
2.08
47.52
4.50
-8.12
6.00
-0.70
8.75
-0.79
3.55
0.03
1.40
0.88
6
0.44
4.20
9.99
10
0.06
0.43
4.94
-0.43
-10.33
-0.25
8.20
2.0880
5.00
0.67
23.31
0.32
8.10
9.06
0
15
34
-0.10
3.20
0.53
3.67
-4.24
0.98
0.11
0.99
0.38
8
-7.92
17
0.26
10.20
0.40
0.33
2.17
5.97
-8.12
-0.31
0.25
27
-0.33
0.51
-0.15
0.02
0.10
-0.72
1.43
9.22
31.6800
6.97
0.02
0.42
0.29
1.44
0.06
-1.02
0.04
1.20
1.33
-1.66
-6.80
0.98
-7.87
0.50
-0.66
10
0.67
-5.00
1.29
0.00
6.99
5.00
0.39
1.70
0.11
0.02
-5.00
-2.83
-2
-0.67
7.10
7.00
6.25
3.90
1.60
3
3.20
1.00
7.50
0.45
9.80
10.17
-8.50
0.40
3.55
4.38
10.10
0.01
0.8624
4.67
0.26
2.90
0.03
9.75
0.20
4.86
0.10
0.84
0.10
3.71
4.00
2.28
0.11
4.50
5.62
10.29
0.10
56.00
12.50
1.00
0.11
0.89
3.26
-0.57
11
3.03
0.06
0.21
0.02
-0.75
2.00
3.32
3
4.86
14.24
2.00
-0.01
5.33
0.00
0.20
1.69
0.52
0.79
5.90
0.00
0.67
-5.12
0.14
-7.62
2.50
-0.9300
8.70
0.67
75.00
2.08
3.20
-7.24
2.20
0.53
2.10
-1.52
2.27
-1.56
0.05
8.53
1.00
9.03
0.03
3.76
24
90
5.00
-8.55
-2.10
76.80
1.67
-10
4.90
-0.92
1.93
2.77
-0.15
4.30
4.17
0.13
5.00
1.00
0.20
9.92
0.25
2.9000
9.63
2.00
0.78
-0.50
0.12
-5.75
89.50
0.29
0.13
7.88
2
2.52
-9.62
3.00
14
7.33
0.02
48.00
24.50
1.08
0.03
0.01
1.50
4
0.03
40
2.05
4.43
16.33
0.17
0.40
-0.73
1.00
1.13
7.47
6.27
3.20
-0.07
0.88
5.29
1.56
1.60
4.50
0.10
-7.11
0.7200
12
-12.01
14.07
9.28
0.47
0.50
0.73
5.89
9.33
-2.50
4.50
0.99
10.56
3.85
1.25
0.60
40
4.00
1.60
0.12
-3.50
70
4.70
3.72
0.13
-0.13
0.0030
1.11
1.84
3.80
14
0.02
0.36
-12.83
9.67
-1.33
0.88
0.19
-1.50
0
1.50
0.04
4.20
-2.19
4.20
-0.4874
0.09
2.34
0.03
0.43
0.99
0.04
0.58
48
-4.97
0.92
15.00
0.06
0.25
10.00
-18.50
0.76
0.31
0.01
-0.33
-48.89
0.11
7.00
11
16.00
2.80
284.16
7.18
0.95
0.01
0.25
-0.11
-0.44
0.04
0.00
1.08
19
0.05
0.60
24.56
1.52
0.05
-0.20
10.19
3.13
5.00
0.11
1.33
3.2670
6.60
1.80
0.00
0.50
0.56
-2.00
8.00
4.32
0.34
-0.21
3
1.25
8.25
1.46
0.01
9.00
6.67
5.78
-4.60
3.75
19.23
0.11
2.78
11
0.25
-7.67
8.20
0.18
4.04
9.71
-0.13
1.61
3
-0.07
-0.27
11.20
1.14
4.20
11.14
11.00
-7.67
1.14
1.56
1.16
5.67
-0.68
-0.42
5.75
7.00
0.60
-1.47
5.58
-0.49
1.07
3.00
0.02
0.26
7.67
-4.25
0.4336
1.80
2.50
16
0.11
-8.98
2.63
3.42
0.14
2.10
-1.60
-3.17
1.2850
6.04
14.10
8.89
19
2.07
0.25
0.93
0.17
-10.76
0.28
0.06
16.30
0.01
-0.10
-1.33
2.57
-5.95
2.50
4.50
20.23
1.08
20
0.36
0.66
0.90
0.05
0.43
-2.40
5.25
-9.85
2.97
3
0.00
0.04
7.20
11.33
0.38
9.50
-2.07
-0.03
0.04
1.3440
2.50
-3.40
-2.37
-6.79
18.31
9.25
0.18
-0.54
0.83
2
6.11
9
0.11
-0.02
7.43
7.50
0.15
40
5.00
10.17
0.53
4.95
-2.40
8.72
0.50
4.53
8.96
8.70
-1.67
-4
1.35
2.50
18.44
13
5.60
1.40
6.75
6.0300
0.05
0.10
0.15
0.53
4.20
5.73
0.03
24.08
-1.56
0.35
0.36
0.06
0.30
1.31
0.33
1.33
5.32
0.03
-18.75
0.83
0.04
0.0130
10.43
100.00
0.86
0.88
1.00
7.00
-5
-6.71
7.29
2.50
25
-4.12
1.00
2.00
45.00
-2.53
-9.89
3.48
-6.33
2.67
0.01
1.33
10.10
1.81
15.67
-0.09
-2.86
9.60
-3.29
0.75
-1.40
0.17
4.50
-7.79
7.03
-1.60
8.24
9
0.04
1.00
9
15
8.17
100
-2.60
40.00
1.75
-7.67
0.13
1.21
9.95
0.02
1.22
0.11
6.70
0.38
0.94
2.50
1.40
3.08
0.45
0.86
34.30
3.50
3.20
3.43
0.32
36.33
36.00
40
-0.13
2.65
-0.49
54
3.08
0.03
0.40
0.69
-15.00
-0.30
1.81
0.17
90
-0.02
10
0.04
0.98
0.09
0.02
-8.87
7.02
6.50
7.50
104.00
2.05
3
0.14
1.20
0.47
1.75
6.00
-53.22
8.22
2.60
1.94
-0.29
0.32
0.01
1.11
0.60
0.80
12.89
0.10
0.21
0.28
200
2.36
1.80
3.90
1.16
1.14
6.43
-0.14
6.66
0.09
0.8190
0.08
-0.81
9.10
0.03
-50
-1.58
0.67
8.33
0.40
4.00
13
5.47
3.32
9.00
0.33
34.98
9.43
6.33
0.51
10.83
20
10.22
500
8.50
1.06
-3.48
1.25
0.17
70.83
0.93
0.13
53.85
0.40
1.60
0.49
0.00
6.54
-18
1.56
-1.08
0.50
0.59
-14.40
-7.20
0.03
0.81
-2.63
4.29
-0.53
1.37
4
-0.25
90
9.80
0.11
1.80
9.80
16.90
0.52
12
0.20
-9.00
58.43
0
6.58
0.59
0.75
1.67
0.80
0.08
-0.84
110.00
90.18
1.76
2.40
6.89
-5.70
0.05
2.25
1.17
6.25
11
10.33
8.00
0
1.47
7.51
-6.60
10.80
37
0.80
-8.49
0.04
3.43
7.01
4.67
0.01
2.08
0.30
-2.86
15
-0.63
2.70
0.33
-1.40
180
1.08
0.03
0.00
-3.97
-0.18
4.18
4.50
20.46
0.78
0.09
2.34
10
2.13
10.00
-5.14
0.25
-2.15
0.11
10.85
20
0.33
3.93
6.13
2.60
-0.60
-0.37
3.40
1.40
15
3.33
-5.62
0.17
0.93
0.79
11.20
7.37
1.59
0.78
-0.38
4.90
4.18
-7.22
-1.67
2.20
67.50
0.07
-2.23
5.83
1.33
3.89
6.29
0.16
1.18
0.86
-8.00
8
3.50
1.33
2.64
15.52
0.07
0.87
2.06
0.91
1.72
12
-3.29
8
0.44
-6.91
0.21
2.67
2.99
3.75
1.40
-6.32
0.45
0.42
0.10
5.56
1.00
6.03
0.04
0.89
-0.85
3.98
0.54
2.63
0.09
64
0.01
0.10
-0.88
7.78
45.39
51.52
8.00
11.63
-4.40
61
1.20
7.38
0.13
0.0132
8.00
-0.06
8.60
0.42
8.80
-9.45
14
0.35
0.50
-2.00
0.08
-6.16
0.59
1.24
7.50
9.20
10
3
0.51
6.22
3.18
-0.33
0.05
-19
-0.13
15.30
9.00
9
16.04
0.30
0.04
0.16
-0.33
-8.80
0.05
2.67
0.05
-11.90
0.48
0.93
-0.53
5.63
9.51
0.38
9.00
20.56
0.03
0.50
0.06
1.36
0.0000
14.67
1.16
-0.93
5.70
2.40
189
9
8.50
10.00
4.03
22.00
0.11
4.96
0.50
5.79
0.55
-1.97
-0.86
0.15
16
0.20
-0.34
1.00
41.67
0.64
0.04
4.00
0.19
-0.67
8.33
8.67
3.00
45.00
0.04
20
0.47
0.52
3.08
0.04
0.42
0.25
8.40
0.50
0.40
8.00
26.67
1.19
6
2.97
4.00
-11
0.02
8.40
13.40
6
-0.03
8.5800
0.04
2.06
0.50
9.25
4.29
0.14
0.00
0.06
1.40
-2.40
11.98
9.14
0.25
3.56
1.03
0.22
9.83
0.01
0.51
16.47
0.0490
142.86
19
4.00
1.25
0.33
0.00
0.01
1.80
0.14
-2.50
8
-0.14
4.26
-4.97
2.71
7.00
9.44
0.00
0.98
4.90
1.93
0.66
-0.98
3
0.8000
7.40
0.62
0.03
-0.78
0.00
-2.20
-11.88
0.16
10.33
9.04
0.04
0.01
1.19
0.60
0.06
0.01
0.29
0.26
-3.20
0.36
2.00
1.65
0.38
0.04
1.65
17.22
2.00
0.09
3.4110
-0.17
0.01
2.92
0.06
2.33
0.20
1.17
4.00
0.99
36.68
-1.71
2
-5.18
5.05
38.57
0.07
4.63
63.63
-0.98
-0.0071
1.33
-0.42
11.53
5.70
-11
-5.24
-6.25
0.74
6.89
0.00
-0.65
0.77
0.33
-8.06
1.56
0.51
-2.67
10.05
-1.75
3.38
8.00
3.40
6.70
6.89
-0.58
8.50
0.00
8.67
-79.20
11.20
3.80
0.71
0.86
-1
0.03
72
57.19
-7.72
0.08
-5.87
10
8.73
4.10
1.53
6.0266
1.20
-7.25
15.00
-8.33
3.37
2.43
10.88
-2.5016
0.51
3.50
-4.37
0.50
1.01
7
0.15
0.38
0.13
0.01
17.34
6.63
4.27
9.11
0.66
-2.37
0.06
1.00
0.62
15.88
2.05
40
1.60
-4.80
-1.35
195
2.50
0.14
0.24
1.56
6.58
0.80
-51.00
0.47
1.25
0.00
0.25
-9.33
1.22
1.02
24.20
4.68
10
0.15
0.60
11.00
0.36
24
8.00
0.27
0.92
3
7.74
0.24
90
-5.40
-9.75
0.15
16.06
2.70
0.94
0.64
-0.09
0.02
0.80
-0.29
-0.1000
90
0.01
-8.97
0.01
3.80
8.01
0.77
4.75
-2
3.20
-9.80
6.62
0.01
22.52
5.23
-7
-6
-0.50
0.03
3.77
2.94
0.04
2.00
3.03
2.67
-2
1.20
3
0.03
0.51
-53.46
0.04
5.20
-81.00
-5.00
1.61
2.49
10.23
1.10
0.05
7.13
1.02
0.29
0.60
1.63
14.40
2.10
3.70
-32.50
13
7.33
10.01
7.83
5.67
-4.58
1
-0.23
9.92
-48.29
9.88
0.03
-9.57
0.00
50.50
16.8000
0.93
2.67
99
3
2.37
0.15
6.75
4.20
0.88
-0.96
0.11
0.10
6
0.10
5.50
17.00
0.0086
-2
-4.82
1.33
10.44
0.17
30.00
0.13
30.00
0.11
92.00
0.04
-3.36
0.06
-2.87
63
4.00
-3
27.30
11.60
1.40
0.06
4.15
1.15
0.02
6.25
-1.21
1.50
133
3.20
11
11.28
0.58
9.32
-0.60
13.60
8.83
26.66
1.44
1.67
-4.40
0.56
0.06
5.66
11.25
-3.50
0.02
0.00
8.77
1.22
-1.21
7.1764
1.20
-0.3136
-2.10
-2.80
2.75
1.13
0.0696
-7.25
7.29
-0.48
5.60
0.75
1.67
4.67
-0.02
-0.30
4
9
-12.17
5.40
-0.69
20
6.13
0.70
5.91
14.70
1.5530
-0.50
-9.25
0.75
-0.67
-0.12
0.38
-0.02
4.90
69.90
3.40
0.00
0.17
-4.11
0
0.44
-2.67
2.40
6.47
0.78
0.07
1.58
-5.67
1.00
0.09
12
6.72
0.04
0.24
11.00
9
0.08
245
0.41
0.20
8.75
0.25
9.40
0.02
6.33
3.22
0.16
0.02
4.08
7.50
4.90
10.88
45.71
0.50
2.83
0.97
0.01
0.63
8.60
-4.12
0.29
2.68
24.88
0.08
35.70
0.06
0.31
7.58
0.11
0.09
3.89
2.40
10.00
1.14
8.00
0.13
1.06
3.92
-5.85
4.80
-0.76
0.84
1.32
0.20
0.285000
-4.57
1.30
0.07
5.5825
-1.60
56
2.40
1.17
16.33
5.17
0.75
5
7.00
0.29
0.62
0.00
6.40
6.00
5.14
7.50
12
-9.14
5.19
18
0.94
14.28
0.10
-79
24
0.52
-1.90
-1
0.60
1.50
11.17
0.04
0.56
-1.85
2.40
6.00
0.76
1.00
0.47
1.00
13
0.4356
-0.95
-0.86
2.12
0.13
10.84
5.40
0.08
-23.98
-0.90
60.00
6.67
4.24
2.67
1
-2
0.08
6.56
0.09
1.44
0.13
-1.60
-0.70
7
1.17
7.22
3.00
14.33
0.07
19.99
15.20
5.50
8.40
-2.60
15.80
0.49
1.70
3
5.67
0.69
10
-0.01
0.64
0.20
40
0.0143
0.04
0.08
1.67
0.02
3.77
-0.50
81.00
1.47
0.00
9.57
-0.51
0.03
10.70
3.01
1.78
1.75
0
9.8000
0.55
3.10
0.30
2.04
0.84
0.68
1.51
3.20
0.50
48
5.56
0.50
3.74
10.20
8.09
0.30
0.01
8
0.29
0.31
-44
-3.87
3.53
1.00
57.00
0.01
3.08
23.35
9.67
3.00
0.06
0.00
54.40
0.25
1.50
0.10
2.46
0.65
4.67
1.60
3.50
-0.12
0.79
70
12
2.39
26.52
0.87
3.07
4
0.00
-8.84
-8.83
0.30
0.58
0.77
5.00
2.67
2.00
-2.00
10.40
6.83
0.57
1.43
5.57
0.01
-4.00
3.57
0
0.22
10.25
0.05
4.72
2.33
4.80
-3.80
8.40
1.00
-4.20
-8.11
6.35
6.33
1.87
5.00
0.35
0.17
6.22
0.05
3
8.00
0.01
0.83
1.38
0.61
1.14
0.04
13.61
2.63
4.01
-8.38
0.00
7.95
0.30
-0.50
0.44
3.20
0.9350
0.75
2.0400
-2.94
0.39
0.01
-7.93
0.31
-8.81
8.09
0.00
4.00
0.03
0.01
-8.67
3.01
13.17
0.18
15
-9.21
1.00
-185.60
0.44
9.82
0.83
0.31
0.04
15.67
0.56
0.09
1.07
0.83
-6.96
-7.71
0.03
1.63
-17.14
0.21
40.50
20.00
0.22
-0.50
-0.46
1.05
0.42
-0.33
-6
0.82
21
10.71
3.20
6.07
0.56
1.33
-4.83
0.00
-12
2.30
-0.84
-0.85
2.28
3.13
70.00
53.94
10.67
0.89
0.2680
6.57
88.06
-5.50
1.42
56
9.67
2.33
0.08
0.36
0.78
0.53
0.49
0.03
0.10
2
10.20
-0.60
13
3.51
0.04
2
0.10
-0.50
1.11
-1.07
46
0.60
-1.12
45.00
-5.99
-15
-3
4.30
4.90
3.00
-2.94
8
-1.99
27
-7.25
9.40
1.71
2.14
-5.69
2.25
0.35
-0.87
7.40
1.38
2.97
-8.33
-1.00
0.00
-4.9848
13.91
0.90
0.06
0.51
-0.73
17.00
-13.17
0.04
0.57
15.01
1.17
5.80
2
-6.35
0.00
17.16
-0.32
0.03
-8.83
9.53
-0.21
6
-6.07
0.5950
-6.11
5.88
0.17
-5.71
-2.80
1.25
1.50
7.39
0.87
0.04
0.33
0.07
-2.00
4.00
5.56
13.12
1.40
0.27
0.07
0.36
0.03
9.13
0.29
0.36
0.37
5.10
2.63
-5.52
9.10
0.02
-6.07
14
3.35
0.07
1.00
8.65
0.67
3
0.08
1.38
-6.80
5.95
6.75
0.17
1.71
2.33
6.95
5.13
0.03
-8.55
12.00
7.20
1.00
3.13
1.25
2.67
12.80
-7.47
5.88
7.31
18.70
0.00
1.08
0.80
10
0.82
10.16
6.38
0.56
-9.33
-53.40
-0.71
0.07
-1.32
6
0.14
0.11
1.63
0.10
-8.42
6.75
17.80
4
14.20
1.48
17
1.67
0.01
0.00
0.36
1.48
-1.62
-2.97
0.71
3.50
-4.17
0.00
-0.0370
-6.20
6.72
-1.86
9
7.00
-8.23
9.41
0.39
0.01
0.13
-0.05
0.13
0.13
16.80
0.14
0.01
1.40
0.12
0.25
-20.00
2.50
0.48
0.15
1
0.00
8
7.74
0.10
1.50
60.50
10.64
20.90
15.00
7.50
0.25
7.00
7
-9.57
1.98
1.40
0.45
2.50
0.03
10.50
224
8.18
0.79
-13
7.99
6.00
-6.95
0.04
0.38
0.8700
7.30
9.50
12
0.76
0.80
0.50
5.00
8.89
-0.25
-0.99
11
3.33
10.00
3.50
2.00
2.20
17
0.95
-4.99
-5.03
4.00
14
-1.00
3.00
0.05
9.14
11.13
-9.20
17.60
4
9.8175
-3.15
0.75
28
2.25
-1.50
4.69
1.98
1.13
18.80
-8.62
7.80
-3.00
3.35
-0.20
85.50
0.80
6
0.50
10
0.01
-10.88
0.36
-5.50
10.10
9.30
-0.07
0.71
1.67
6.00
0.84
-0.57
1.20
7
-1.25
2.12
1.17
1.15
-6
13.23
0.04
4.75
-7.7440
1.60
0.50
9.43
0.24
10.25
0.30
-0.77
0.03
95
-3
-0.38
0.70
0.03
1.62
2.98
3.76
7.92
5.08
0.02
5.78
3.50
1.39
0.04
2.82
0.64
1.57
0.95
0.00
47
1.41
9.72
0.54
1.50
0.14
3.81
7.25
0.13
10.14
1.78
0.09
1.00
1.10
1.28
0.10
0.0000
1.80
3.27
0.90
0.13
1.98
0.85
0.15
6.14
0.24
0.74
0.98
7.11
0.55
-0.92
0.81
-0.45
0.17
-3.90
-1.46
-0.12
5.10
-12.22
15.30
-5
4.00
1.07
2.40
3.72
1.58
0.20
-3.67
0.29
1.33
9.40
1.51
3.01
5.94
9.0000
0.75
0.00
0.40
0.69
25
0.05
0.33
10.06
-1.00
1.37
28.00
0.90
10.33
0.10
9.34
-0.67
0.01
0.05
-8.87
1.56
5.80
11
3.50
0.00
7.50
0.13
0.01
3.25
0.24
-6.78
1.47
34.51
0.04
0.40
-0.08
0.01
0.47
-0.3584
0.41
41.67
9.44
1.02
0.00
0.50
10.30
4
3.00
31.3200
5.70
0.10
0.12
0.50
3.17
5.00
70.20
6.04
-4.00
6.40
2
3.50
-0.57
2.15
-9.67
0.20
10.40
0.00
0.21
-0.63
0.73
10.67
2.89
-99.22
3
3
0.06
0.56
0.83
5.75
0.25
6.11
-0.66
5.17
3.00
0.64
0.42
6.54
-32
-0.24
1.00
6.88
8.60
0.35
6.57
5.33
2.26
-7.07
9.53
3.00
0.00
0.66
8
-3.23
3.49
-6.25
-1.86
3.14
1.66
2.97
0.25
0.08
-0.70
2.6780
7.78
420
9.22
4.44
-0.36
1.33
-3.29
1.64
5.68
0.03
7
0.57
23.13
24.9900
-5.57
19
87.92
-4.6420
16
-12.40
4.22
9.56
-0.63
-1.90
2
0.81
0.02
40.00
71.43
-0.42
0.30
4.17
0.06
-1.15
8.21
7
6.41
-5.40
3.20
12.25
-0.15
-0.27
1.17
1.41
0.19
7.03
-8.27
0.18
6.03
0.33
7.14
0.89
4.60
1.00
7.01
10.46
0.10
0.90
2.56
-0.47
-0.69
-0.25
0.01
2.16
45
-0.72
1.05
11.22
2.15
1.00
-9.99
89.04
16.86
10.70
7.40
0.00
-0.48
5.30
-16.00
0.30
5.27
0.40
8.62
3.00
2
0.75
-0.19
0.84
0.0000
4.50
0.06
8.67
10.00
-0.21
0.17
0.83
-9.05
0.04
9.17
0.04
12.34
-5.07
0.25
3
4.22
2.00
0.13
0.15
5.78
8.04
45
4.70
-6.30
8.10
9.1450
7.70
0.06
0.20
14
3.90
0.55
8.00
1.60
1.22
4.30
0.29
3.04
54.97
11.32
9.75
0.50
5.33
-0.27
0.57
0.13
0.75
1.45
800
9.78
8.00
6.50
0.1000
-0.41
0.83
31.50
0.40
37.05
2.73
0.10
8.00
0.02
3.63
1.20
-0.01
0.90
-1.37
2.50
48
6.78
0.01
5.71
13.00
0.11
0.83
6.11
0.70
0.81
1.54
3
0.25
5.11
0.73
2.20
0.02
11.42
4.80
0.04
0.47
1.50
0.17
0.07
2.64
-0.22
7.86
108
-3.80
-3
4.78
0.40
21.00
4.50
3.87
0.06
11.99
0.24
0.58
0.01
0
9.85
3.42
0.03
-1.95
0.60
0.02
0.04
0.98
31.0000
0.35
-0.37
0.19
10.51
0.67
2.70
1.80
0.04
53.60
1.71
0.2800
-5.29
0.25
50
3.7250
3.00
-8.71
8
7.25
4.10
8.11
63.98
9.00
-0.71
3
-8.92
16.44
1.94
5.67
6.31
0.40
434
2.80
6.80
0.58
9.13
4.07
1.78
-8.52
8.71
0.67
-6.58
-3.50
0.33
0.67
0.11
9.00
-0.04
10.00
1.21
0.10
-0.04
6
0.45
-11.00
0.70
0.33
1.02
1.01
27.29
1.98
-6.50
9.33
4.40
0.12
-0.83
0.13
-2
10.00
1.20
9.00
6.30
-3.34
3.60
0.03
-8.90
0.62
0.64
7.56
0.45
7.00
-1.00
0.28
125
0.50
21
2.22
-4.94
6.13
0.01
10.33
1.33
5.03
0.72
10.56
52.50
4.14
137.28
1.60
6.53
-5
0.50
10
0.68
-8.67
0.53
0.93
35.00
0.03
0.17
60
3.75
83.75
5.33
-3.89
1.70
1.78
3.17
15
-7.94
13
-0.47
-9.00
2.25
720
0.08
10.11
7.93
-7.80
0.00
0.06
3.80
1.37
0.27
-6.60
8.57
0.25
8.40
2.33
-6.94
-2.80
-1.30
-0.1170
32.50
10.40
2.33
1.05
8.70
11.79
0.30
1.00
0.25
2.52
0.00
0.14
-0.10
3.42
0.80
5.96
10.00
0.02
18.50
0.12
0.20
-10.20
-0.08
0.06
0.01
-12
432
0.29
0.78
5.40
11
0.05
9.61
1.84
-0.08
0.01
1.33
0.03
0.68
2
8.55
0.00
0.03
1.75
0.04
-6
-5.90
2
3.80
0.20
4.79
0
-1.70
4.00
0.04
0.22
6.00
5
2.25
0.75
14.00
0.15
-4.00
0.25
4.33
3.62
0.04
1.00
0.84
0.13
2.00
-1.30
-6.89
16
1.00
0.78
9.50
-2.74
10.07
28.55
0.01
5.00
2
7
10.14
-43.60
0.18
7.17
2.62
0.69
6.97
-0.85
0.40
13.56
-0.34
3.33
18
29.00
0.00
5.70
0.02
120
0.19
5
0.58
-1.00
1.41
0.00
3.15
0.00
14
2.25
0.4148
14.00
1.56
-5
1.20
0.01
0.22
0.07
0.07
0.37
0.01
-0.75
3.62
0.59
3.20
2
24
0.01
-5.84
8.50
10.67
-0.89
0.00
7.80
0.89
4
0.11
6.50
10
14
0.66
3.60
7.60
0.08
20.83
0.17
8.21
-0.17
-16.00
4.14
0.02
0.50
4.86
1.18
-8.85
7.00
4.99
-0.99
-2.80
0.03
9.67
0.04
3.08
0.18
0.52
1.36
-2.10
0.44
-3.25
1.43
2.50
-0.35
1.00
5.45
-2.71
9.22
3.71
1.00
6.00
1.50
2.56
11
4.43
5.14
3.37
-8.16
3.50
7
-1.50
0.69
0.83
4.33
35.00
18
1.03
0.17
1.50
-0.89
-0.89
27
-2
1.97
5.32
-4.75
14.33
3.00
46.02
0.04
0.06
72.99
7.71
-4.44
0.03
16
0.22
-0.50
1.25
9.60
0.15
-4.11
6.52
2.93
0.60
0.21
0.05
12.33
-6
30.07
0.10
0.31
4.00
1.20
6.85
0
4.11
0.71
3.63
21
1.00
1.25
3.00
-1.70
0.02
6.00
-2.67
0.00
1.12
8.75
125.86
97.33
4.38
0.04
7.50
0.20
1.60
14
0.43
7.39
-6.92
1.81
4.33
9.07
9.67
-0.19
13.00
2.07
0.40
0.18
0.73
6.67
0.25
-9
-5.54
7.83
0.07
0.01
0.32
0.97
-0.81
-2.66
7.80
5.60
0.28
1.18
0.02
9.50
-0.08
0.85
4.92
0.21
0.00
3.10
3.89
0.04
0.25
0.13
0.70
0.00
5.13
0.09
8.04
7.05
1.36
15.00
10
-1
11.14
-2.95
24.60
1.58
20
-5.10
0.13
0.11
0.18
0.09
-3.4050
0.25
-2
-1.86
-2
0.13
-6.60
99
0.61
1.30
9.4500
-0.03
0.00
0.09
-0.27
-6.33
0.13
-7.67
1.17
0.70
-3.50
-4.33
0.77
8.70
3.20
0.50
3.00
18
-8.46
6
17.00
6.04
0.43
0.08
0.02
2.50
5.00
4.14
9.00
0.09
7.05
0.02
0.42
-2.62
8.40
0.80
-0.02
1.73
0.24
-0.32
0.09
-1.67
3.13
-2.67
0.37
0.03
0.43
1.75
1.80
6
0.53
0.02
0.02
57.30
3.60
0.00
0.20
0.70
1.50
-7.98
0.02
2.14
12.60
9.29
-15.64
45
4.81
0.09
3.41
2.63
0.25
3.49
0.11
0.00
3.99
50.12
-4.13
0.17
10.21
0.80
-0.05
17
0.01
-0.11
0.14
8.64
0.03
0.15
0.38
0.01
16.50
10
-7.40
1.20
4.86
0.01
9.03
5
48
-5.0704
42
5.00
1.11
7.50
4.09
14.78
0.08
0.09
0.3500
1.11
10.40
11.19
7.14
5.00
34.74
0.67
0.11
17
4.40
1.50
6.80
4.50
3.38
1.10
0.13
9.60
1.41
-6.77
-4.78
0.11
0.8850
-0.57
-11.96
0.33
-0.04
-9
1.90
-4.25
9.03
-9
0.50
0.75
0.02
-4
0.02
1.4880
0.67
2.00
0.33
-0.24
0.11
5.97
-5.87
-6
13
11.61
0.03
4.30
4.11
-0.99
0.01
0.03
0.80
0.41
0.07
0.00
2.99
18
-5.44
112
-0.03
16
9.00
6.00
-0.32
-29.33
0.70
0.61
-6.00
3
0.00
2.00
8.80
0.15
-0.58
4.46
8.29
3.51
0.38
15.00
-6.50
0.67
50
8.83
2.08
1.25
0.16
0.07
7.29
1.04
-0.16
0.04
0.25
0.81
12.67
0.66
156.00
0.02
6.14
1.61
0.40
-7
10.67
0.01
2.25
7.41
12.83
6.5480
-0.30
0.27
0.88
14.67
87.50
0.13
-5.82
0.67
0.09
3.87
0.00
4.00
-0.57
2.71
-3.65
10.33
0.08
1.72
8.81
10
0.43
0.00
3.07
12.88
0.44
-13.33
1.92
0.4500
-3
0.15
-0.76
1.11
0.63
0.82
2.70
0.04
0.49
0.50
4.00
4.95
-9.78
-8.33
4.00
6.13
100
2.50
1.30
0.33
8.75
0.01
85
0.16
12.80
6.20
3.83
0.02
20.25
0.70
6.86
7.90
-2.10
3.89
4.30
2.20
18
5.00
15.14
-0.90
-59.50
0.67
49.87
8.50
72
0.11
1.00
0.03
4.3450
2
2.3200
6
20
-5.44
-0.53
10.97
35
-5.22
0.07
0.00
0.80
0.83
22
3.98
0.01
-2.20
6.00
0.25
2.00
2.87
1.02
0.93
3.60
7.13
5.40
2
20.02
0.10
0.06
-78.70
-4
7
2.25
2.84
0.0602
0.06
0
-27.09
-2.75
5.15
0.01
0.55
8
-8.47
0.30
70.15
4.00
10.67
-4.55
-4.55
10.29
0.07
0.14
0.43
1.17
9.56
1.03
0.57
2.08
0.30
0.03
12
-1.33
-1.00
3.50
9.00
-0.69
0.10
-0.80
43.35
0.48
23
2.93
-1.19
-3.67
6.00
4.76
7.04
0.69
0.04
4.14
-0.70
14
-4.62
18.75
-7.13
0.00
-10.02
0.18
8
24.00
3.56
9
5.73
7.43
-0.75
5.02
0.47
0.33
0.2500
0.10
7.06
4.39
5.87
-0.70
0.39
7.70
4.40
0.68
5.60
1.05
0.50
4.89
0.81
0.13
-16.86
-10.67
4.80
5.00
2.13
5.00
0.38
-1
6
-3
-3.78
0.06
0.38
179.20
0.08
9.86
1.38
0.27
0.10
10.07
0.44
0.00
14.96
-4.49
1.87
5
10.72
2.70
10.77
8.40
4.06
8.11
2.58
0.00
-5.99
53.10
1.27
32
9
12.33
0.21
-3.22
0.01
3.00
0.74
0.38
-0.99
12.60
-7.13
6.01
12.00
0.79
1.40
-1.14
0.24
1.36
0.20
0.02
1.65
20.00
4.60
1.01
0.51
-10.80
0.20
0.05
2.83
0.03
1.03
6.86
1.13
25.20
8.44
-0.33
7
16
0.21
4.40
-6.80
0.04
8.00
900.43
0.08
6.50
0.64
0.05
0.00
5.79
-0.17
5.00
0.71
0.63
0.50
0.47
1.00
0.22
0.65
-8
0.37
-0.12
0.04
3
-6.13
-2.89
-1.44
0.55
-7.20
80
1.50
9.33
1.25
-6.57
2.44
8.24
1
1.11
0.05
9.01
0.02
0.56
-1.56
19
0.51
-10.80
41.67
26
2.25
0.02
0
-6
7.38
0.30
0.50
0.02
10.60
12.11
0.69
63.15
-8.37
9.00
0.01
6.89
-1.11
7.82
2.26
5.25
-5.33
5.25
-0.70
2.00
-3.50
4.94
0.28
0.86
8.29
-7.65
0.72
0.05
0.69
0.04
-14.40
0.37
-5.70
1.00
44.83
1.03
0.00
0.86
7.33
-7.49
4.49
-22.71
1.10
-0.15
1.15
0.0066
0.1875
-4.24
-0.12
34.96
34.20
1.00
0.56
2.67
-1.0335
10.80
0.67
0.3030
9.88
0.67
0.10
-7.69
0.09
-3.22
0.06
2.50
0.15
0.80
0.9900
0.02
1.00
0.81
12.00
9.00
0.63
7.43
-7.91
0.01
1.2000
9.11
0.89
8.50
76.00
5.25
14.20
15
5.00
0.55
0.45
-4.98
0.07
0.82
1.00
-0.10
-3.83
6.00
0.3100
-3.50
0.39
0.00
6.50
8.43
10.70
-8.40
0.20
0.13
0.35
59.37
8
3.33
0.10
1.40
4.25
14.9400
1.67
-2.34
0.08
3.60
3.33
0.00
4.00
4
9.32
6.80
0.14
2.63
24.02
9.00
-2.78
-1
-0.38
1.00
0.01
0.44
1.82
0.80
6.20
10.86
7.49
0.33
-1
0.87
-5.78
3.25
-5.62
8.14
-6.50
106.34
0.18
8.00
0.70
0.50
5.61
10.00
-5.25
4.50
8
0.71
1.39
1.25
