0.32
0.00
14300555
26593547.89
0.01
0.00
0.00
1.84
1.54
9962.16
0.00
-11800.00
1862.10
-79.6887
0.00
14425490.85
0.35
7.29
0.00
9576.25
1214.85
6451.72
4060.85
906.00
-8616.42
7246.56
4659.36
48880296
19729013
-1606.12
6557.00
8467.58
4.1600
0.00
1401.00
8207
0.15
2410.38
16882
10792.98
-174019.23
48057932.09
5586.96
-7176.00
3862.22
11979.46
0.2905
3095.87
-0.10
3845.87
6123.10
0.00
0.00
0.00
0.00
-1995
3327.84
4734.43
13033.03
45509935
-784.56
8518.88
-7072.05
2.98
-4357.92
1951.46
89226400
-3538.44
-8994.17
1971.90
847.00
1.31
-9546.94
0.00
0.31
9366.31
-8898.18
0.00
-6326.9595
0.04
16679300.81
8334004408.80
-269
4700096
-9783.79
0.92
8500.01
4128.55
1284.05
2994.08
2961.44
758917
880.08
-527.00
0.02
3231.47
8281.81
0.3094
3314.48
7299.27
484.23
0.85
3987.06
598.86
0.00
-5040.00
2220
0.10
-9511.60
14577
4888.54
5575.90
0.00
-0.39
5980.57
0.69
5111.46
15382.36
0.00
7188.00
6804.84
348.5500
4710.73
6776
4653.00
1.22
0.42
-3929
7709.86
0.92
0.04
6259.59
1.21
3411.82
-7782560.50
1306.0476
0.00
0.06
7226.89
0.63
5649.98
185.24
0.00
0.00
2809
21820.45
-0.43
0.02
78017.67
23229212.00
1.63
8686.80
0.00
1359.37
0.03
1172.68
0.00
1480099.50
25757446
4811.94
867.90
9483.00
9837.47
0.81
4380.75
0.00
0.87
0.09
0.02
3502969.20
-119660.00
0.00
1220.98
0.00
154.00
0.26
0.00
-4870.19
1513
0.00
6151.60
0.00
0.82
1.45
11775
0.00
-8958.66
8544.04
0.16
-8729.00
0.00
0.22
0.1472
9489
12782.13
3149.12
3.95
734.74
9097.63
3868.00
5200461
-4607915.58
17655.15
-1337.70
-7677.00
0.84
-1482.39
0.95
204.89
4975.58
-8893.12
6355.76
8410.42
7610.29
0.18
0.00
-6467.86
180.38
-7932.61
5216.69
3983.22
2395.17
5208283.08
126079.99
0.00
0.00
-8853.09
0.59
16142199
0.73
3479.07
7660.03
-3401.70
0.00
-2142.90
0.28
8940.0000
-18617091.04
47245068
0.0416
663.20
6357.37
-6888.07
198.24
0.00
3697.23
-738.60
1021.00
0.00
0.44
2493.85
0.00
8887.00
-6355.15
802.52
5138.56
5902
9073.52
4209621
0.00
1431.36
13.42
3318.64
222.10
0.19
280410.84
6282.54
0.00
8206.00
-228933.33
0.52
0.57
4524.80
3015.26
331.78
9862.11
236.36
-7402
-1424167.80
0.87
-6154.63
0.58
0.1728
9347
21375197
0.25
0.48
1835.85
-6350.00
11693.03
10977.37
3438.46
-4844.84
1670609488.50
990.64
23428781.46
-8342.49
0.00
4407.51
5829.57
0.50
21216960.00
7188.63
-3578.67
0.00
0.82
14380144812.00
3868.47
0.0000
7454.18
0.61
0.00
0.00
0.00
0.00
9684.48
4267.10
8164.24
0.00
6975.35
-0.06
0.13
6557.00
0.00
12633.81
0.00
7132.08
3865.54
0.00
0.19
-88297373
0.00
1231.98
-1750
5087.46
6695.89
2969.15
1.84
4547.00
0.78
0.53
4005.53
2010.88
116.11
123.32
0.74
8976.19
-0.20
0.19
11.04
4609.14
132.9120
0.00
0.00
0.00
-662.89
30280662
5647.70
14053
-184.44
-8926.60
0.66
6136.00
10438066.87
5602
-0.76
-4708.77
0.70
0.00
14867
4281.49
0.00
0.00
14326.68
9711.47
8664.68
1005.36
7117.33
164.27
0.00
0.00
-2121576.00
3363.27
0.00
0.00
1.21
-524.57
620.02
0.16
626.00
26361316
4523.39
2722.00
9783.62
0.00
40832878
6861.26
8058
-0.91
5471.89
0.57
6421.19
-6168.20
460.22
2520.21
15301.80
5554.19
1.55
6700.08
6103510.69
0.32
-2068.94
-4063
0.19
738.05
0.00
0.00
-5232.75
3106.35
8141.00
-3.64
-217.64
2672
4529.22
6699.09
-774285.33
0.00
-6644.61
-1.83
-30117558600
-9260.78
0.00
4461
-0.01
455.82
3271.95
5802.03
0.00
12522
0.51
8446.00
2236.88
1.20
6325513.04
2648.67
0.16
-6128.59
-14213191.72
6986.11
0.58
2367.00
813.04
0.00
-11612.25
-7773.81
704.77
0.53
126772828038.08
2.92
0.00
5694.00
5966.00
49.33
0.11
9878.15
0.00
537.74
7768
17890
3503.57
-8400.63
-6956.27
5856.08
6372
0.0000
601.74
1.10
0.00
-0.72
1497.21
1.26
0.00
9603.68
6201.30
-0.02
10491856.38
-88.96
118228.20
1.09
0.00
2834047.77
823
319.29
0.00
438.50
0.97
4020.97
19137
-0.28
-2821
4487.07
1714.97
6212.74
6161643.76
0.88
1.04
0.00
-492.48
0.00
1.32
7170.70
0.00
687.73
0.00
0.00
21417.12
7580.09
2560
0.00
2477.62
0.89
0.00
12027.96
1111.38
-0.87
0.77
10336
5201.98
1.20
707505539472
4079.1555
2.81
-2067.83
251.52
0.92
2586.22
787.00
0.37
6840.00
0.00
-9851.58
5810.27
1.11
2761.50
2656.81
0.00
-2296.93
0.00
622.00
97592990.04
4751.02
7817
0.31
60.83
-0.14
113384.38
9453.79
2921.9400
0.16
6190.57
-7603.28
0.00
0.93
11271.13
1.03
-6491.92
-208.21
0.00
5873.78
68.73
76769619
0.09
0.26
-0.10
3273
-1.78
20099456.96
6197.37
-0.43
1.17
3429.54
5424.22
0.36
69169555.80
-15820.63
3882.64
10317
0.000000
-3458.71
9765.26
-8506.73
0.95
8555.51
-0.36
-398.50
-0.81
0.00
6076.74
0.26
4262
0.00
0.02
0.33
4793.85
3525.00
10001.99
9133.51
0.86
-5778.40
9.47
0.17
-7753.00
1522160
977.67
0.00
0.38
0.0000
7336
0.00
4215.19
4834
0.00
0.21
-1.92
3398.52
0.96
5459.04
0.00
0.00
-0.06
6795.26
-0.06
3221.67
0.07
8766.00
0.87
1499797.55
791.15
0.09
1183.78
7062.37
2567.48
76969500.25
0.06
-6531.97
494.85
5361
4744.56
21.62
0.01
-1820.40
13898
-0.49
29284560
9381
-0.16
9766.07
0.00
0.08
6418.05
1.13
-0.70
3107.86
0.00
483.63
0.03
28061154
17161.00
2211
-0.78
1504
597.34
-85188394.60
-24516805937.91
0.00
4354.01
6076.59
0.00
4154.59
0.69
9666.55
0.90
5035.31
9568.05
0.00
8627.73
2809.88
2175
7230.46
3640.00
0.00
0.00
0.00
881.00
19749996
1.47
6338571
6315.38
0.69
0.00
-4793.00
0.14
5562.95
9196.79
0.00
0.00
0.00
-0.99
-0.49
0.21
6173.20
3.68
41353.50
3761.46
2486.17
0.18
0.12
7692.53
1441.87
0.36
0.00
0.94
-9020.00
244.09
4150.00
-480.30
10656
0.00
0.00
4086.57
-0.77
0.66
-1760.77
12.49
0.69
0.71
0.00
-0.90
8703.05
11754.76
7594.96
5496.05
0.00
-21883265.63
16484636.52
-0.43
0.00
43225904.80
8633.77
-1.38
-5487.65
6382.88
1.62
0.00
0.91
7398.17
6338
3539.77
0.01
2981825040
0.00
2332.91
5784.0880
987.3124
2335.59
-19929682.76
83.64
-5822.09
0.00
-6495.35
-541.03
17673
6602
0.00
0.0000
0.06
0.00
8109.00
0.00
0.96
13603352
1690
16940780
4537
0.0000
4100.38
0.00
320
0.00
3359
71368535.17
7.08
1.78
0.00
-0.47
4783.50
9335.77
-8039.83
0.60
1573.55
9073.18
10718
-3393246007.71
0.80
0.00
-9739.52
-9511.45
1669.75
231.57
1.30
3279.99
0.00
0.00
64543944
-5310.00
0.74
9304.88
3785.88
-5692
14036000
-1134.80
0.54
-8160.00
13641.00
-733.68
-2047.84
0.00
0.00
7072.29
479
0.80
5879.72
7300.00
1.32
-5924.54
0.36
-8684.57
0.00
2567.49
6.02
-4566.59
0.50
11589909375
0.00
-8559.41
32975593.80
46130036.94
7128.78
-2660.35
11758.86
236
838.62
-0.56
3537.00
-0.04
-9567.51
-3751.17
0.47
0.00
2478.42
0.00
0.24
0.00
3430.35
409.51
-7456.39
0.99
-821.88
1.01
9642.84
-1011.63
0.00
-2943.61
-1990.27
0.17
0.00
0.33
0.38
0.00
7698.23
0.42
1049.72
5899.16
0.69
5684096
9342.50
876.61
1.19
543
20582282.29
1.05
9678.96
0.00
0.90
-1.40
-2813.40
9263.89
-1246.73
-7847.70
0.15
9163.59
-7248.66
4874.22
0.00
0.00
6531.38
9845.31
6976.6697
0.00
605.00
1467.97
0.45
8333
0.00
2151.31
5331.42
1.48
0.00
10462985.24
0.00
4167.04
0.00
0.50
8697.99
0.40
8573.27
1141.91
0.00
-2408.87
-3294.00
0.00
0.00
1062.96
30986629011990
19775
0.43
-2336.70
0.60
0.2300
0.00
44399415
0.00
-0.60
-0.36
0.45
19391320
0.00
0.00
2001.15
-7612
4074.00
0.35
0.10
1.79
0.00
7049881.30
3662.92
0.84
-0.86
0.00
504.5642
1227.69
-3227.89
0.00
0.66
0.75
-0.57
-9044.14
0.21
19727.59
0.31
0.00
0.91
0.00
0.72
0.00
0.00
0.4200
8731.00
-3150.15
0.00
6473.00
1.12
0.32
0.00
2967
0.00
0.00
1999.05
8062.17
0.00
5402.88
0.11
14522
430.49
-0.41
0.07
15846
0.00
-9317.75
551.87
1502.93
3.01
9691.01
604.20
0.00
-229.47
18042
1734
0.00
4760.66
0.00
-0.64
2749.59
0.00
6454.21
0.11
3119.76
0.01
902.40
0.00
1631.27
0.00
5665.74
9980.53
2.11
-6138.62
-0.43
8074.86
6548.58
0.0000
667.98
228.56
3192355
0.81
10852762.12
0.00
0.00
944.05
30732218
71266976.80
0.07
8604.08
3303.84
82040580.10
9598.26
-0.41
0.00
3378.00
0.00
0.00
0.00
0.00
-7101.00
0.25
873.53
-0.94
0.48
0.05
6574701176
0.37
0.73
-11883.83
1094.79
8458578.48
-1476.64
11808
0.00
2732.49
2134.53
3436.05
-8754306
8350.37
-271.73
0.00
-7966.00
9625.22
0.00
4445.68
-3621.65
-8878.83
0.62
9842.48
6048
2197.78
0.00
-8385.98
4653.58
-531.23
0.00
-2326420.80
-4457.0000
0.57
-879.00
29167952
328.05
8229.56
1743.47
0.00
0.19
0.31
1580.21
-0.49
4209.33
0.26
1877.25
5813.61
3792.50
0.00
0.00
3303
0.01
-19544794.66
0.00
-5967.19
15493
2795.60
19436080.64
3898.00
1159.20
6986.15
0.06
734.37
-2280.53
2929.26
0.00
1.27
1822.60
0.49
0.00
66.46
7678146.72
-0.25
-1755.91
13389.52
1.06
4169.38
2963.95
0.43
1.30
0.00
5967.31
8957990696
0.00
0.00
6937.95
0.00
5887.78
-18045
4716.78
4098.00
-9506.63
2026.99
40304625
0.53
0.21
65938562.80
-4475.60
8037.22
3195.67
989.50
-0.99
7747
0.07
0.76
0.46
8793.26
3065.88
-4232.36
2038.85
-3158.53
32346942.63
6331.28
0.00
-2418
0.68
0.00
0.29
2151.21
-7833.57
3578
3055.00
33793656
0.38
26015044
8392.79
0.00
2183.52
16173162.00
2882.00
-0.41
1872.94
0.00
0.00
10978.29
0.65
5218696.32
0.00
52828751
395.28
0.00
-1240155.68
7275.00
4230.23
995.02
-0.04
0.31
2523.00
0.85
-33.00
-0.22
0.00
0.00
0.00
0.00
17672928
0.00
1.22
0.00
0.54
0.00
-0.55
9064.84
0.00
1869.41
5774.70
0.49
0.02
71895519.26
2729.76
45733562.88
0.13
7474.0000
-76853045.46
-8947.02
0.00
-0.49
5527636.16
3470.38
-0.42
4911.30
0.00
-1706.00
6496.16
3473
0.00
351.57
1055.31
-491.50
1186.83
-0.60
1654.18
-17590769.92
0.16
0.12
1.26
1015.47
1970389.35
0.00
-0.73
0.31
1723.00
6351.05
4779.20
2.02
0.00
317282
2113.18
0.16
0.95
2146.13
-4190.00
-2.31
592.47
1.09
0.00
-1286.86
0.00
0.47
-5225
796.11
0.81
0.00
-0.86
18.24
0.0000
0.00
-9434.28
9413.49
0.14
0.00
0.00
-0.2067
0.00
0.00
8962.90
2181.28
4213.75
-0.26
0.00
0.80
6011.85
-0.89
0.00
59893913
-0.61
8380.61
3561.00
3477
10584.98
-4323.00
9136.18
637.28
0.00
0.00
-2812.18
1193.2116
0.25
6236.58
0.00
0.00
1400.05
2.24
11006955.55
-0.63
0.78
12236712.96
6503.35
5670.01
-1692.63
97.35
5321.05
0.1568
0.00
3811.44
799646.8480
1001.00
-199.36
-9794.74
0.69
-6738.87
0.00
0.00
0.00
0.00
0.00
0.75
6589.66
5755.12
0.00
6878.45
97.95
6785720.00
0.00
3630730.30
2930.17
0.29
1498
6305.00
0.00
-3378.84
7184.00
2343.70
2095.32
-8234.24
5904.99
-4595100
0.00
0.00
862017.02
10651.80
0.86
-6338.46
0.00
0.00
25334624.87
0.00
13011.85
0.0000
-0.92
6011.02
-822.63
2023.09
-0.53
9689.00
9243.68
6609.06
8489
14809.80
0.11
2068.79
46170.00
9834.94
0.23
208.27
9937.00
-8705.85
0.00
10.85
17523
0.86
-860.81
0.18
2483.97
-1426.14
0.00
0.5728
0.00
5099
0.21
2052032.40
-4349.29
3993.84
0.00
0.00
138.40
7035.78
0.49
6787.02
4212
0.00
0.00
0.00
77650002
-0.04
-2022.42
0.18
11456668.5651
5727.01
0.02
2851.14
-0.53
809.16
-251.04
0.97
0.00
0.00
0.00
-5395.89
0.00
-4213.3648
1.00
0.00
0.00
9105680
4634.94
2357.02
10907949
0.04
0.27
8333.34
-4986.47
10628791.0300
1410.81
-8256.74
3069.8395
-5983.69
8829.90
1815266
1.26
0.88
-5847.57
9049.32
0.06
16195.54
-8514.80
1.44
0.00
32250.91
0.52
4113.99
-9898.83
326.86
7595.00
3605.60
3401.87
0.31
244.88
0.18
0.00
4247712
781.92
8892.00
-269.60
2715.6096
-2534.00
4544
3927.61
-32584948.45
0.00
0.00
9853704
-9973.78
-0.13
31816377.20
10033
12298614
-3430.76
-0.10
0.99
12049
0.08
-6431.69
2648.87
85970724.63
25.66
5807.06
-2.31
0.66
0.00
6587.63
8287.86
-2709.76
0.00
5581.44
-29098700.71
45.60
652.00
0.00
0.00
8492.99
1122.90
-0.23
1.03
5185.06
8146.22
6007.88
9525681.15
2473.80
4855
0.61
0.19
18446
0.22
11320.00
7261.57
0.00
961947.20
-6350.75
0.44
10251
464.14
42277305.84
0.00
22983320
1933.03
9489.38
7029.06
801.36
0.00
7622.20
0.74
6479
0.00
2.29
0.00
0.00
5272.01
0.00
0.00
4864.80
-9589.90
70271095
1.00
4010.06
-0.39
333528.25
5718.18
0.91
0.00
2013.95
0.72
4930.12
0.00
15810
1465.19
0.04
-0.13
0.00
0.46
5605.00
-9420.00
-3421.92
6840
1.10
0.28
0.00
0.0034
12277.51
2031.91
14771394176
0.00
0.65
1.57
6103.09
-1.65
12812.38
0.03
11553.70
-9010.45
0.01
0.0000
0.70
5820.01
3.87
3301371.71
0.00
0.00
10.35
0.00
12306
0.01
0.00
0.00
-2115.37
598.26
0.72
7027.45
7818.73
0.00
612.48
-2301522.08
-1008.35
5352.38
0.00
3523.45
19722.28
7201.67
-0.52
-0.40
1252.24
0.00
3202.00
0.00
1.88
-1535.9861
-96823187.56
0.00
3941.15
0.26
7065.05
0.00
287698628620
0.00
0.62
0.00
6993.67
-3220.15
2720
1795.44
1757
48978681300
-188.40
3501.10
0.32
2797973100
26554601.00
0.8500
-5618.79
-3320.20
1045.83
0.18
-3287.40
-5287.24
-2836.0552
13776
-401
962.23
7174.78
-115.03
4247892
0.00
0.51
-1827.02
-1445.80
0.82
-7744.87
7.65
-0.61
3728
267.84
1.42
9345.20
0.21
333.25
0.59
1984.00
5439.87
5.07
-0.17
4978.85
0.00
28534908
0.00
66717185
40.00
1935.13
-990.08
-5401.84
0.00
1891720.58
5082.88
-2219.29
0.00
0.00
0.00
2801.93
1955.40
1.15
0.76
632
16.55
3668.68
658.15
3648.00
0.00
-1.44
5728.89
911.49
0.82
20491643.6499
0.09
-5906
-18423.96
0.00
91290.82
40941416.88
28465182.43
1.00
2258527.31
0.00
0.13
-9050.88
15251.39
5444045
-7219
0.12
0.00
12968.69
6082.83
2778.62
8745.01
-6262.00
-3581.04
20987286000
1.08
0.00
-3229.74
-2006
0.78
5815.82
5678.99
6931.00
2621.06
2622.97
5836.00
0.00
0.71
0.50
0.80
0.00
0.00
0.57
1341
-7.31
4367.16
0.39
12.77
0.00
-0.61
16922751
-2429.00
-2502.44
0.00
0.00
0.00
-2248
3705
0.01
0.00
5526.84
324.78
8112.53
2199.22
8401.26
12070863
3025.8000
-2277.00
1299272.18
8316.70
-17202.62
5000.01
0.05
0.00
0.00
66254.10
1.11
-2596.86
0.97
0.00
-0.15
3314.00
858.79
0.56
5171.00
-0.04
-3736
625.72
1384.73
-1557.68
5527.00
6006.15
-775.15
0.00
5320.80
0.00
0.99
14822
0.00
-1.95
-1.32
-2595.90
325.90
7268.35
-2106.89
2607.37
14854
-0.94
-663
0.00
3347.01
1.08
0.19
0.00
45.9732
211.32
5144.28
0.28
5030.81
2089.11
0.53
1.42
2109.46
0.00
-0.19
0.67
9798
-0.29
0.00
3092.70
0.81
0.38
0.56
-1008.00
5892.31
-7476
0.47
0.00
-7699.89
0.83
-2516.16
0.08
0.66
-717.94
17543
72065372
5432.84
2349791.97
0.00
5062.05
-2446.72
0.00
0.99
0.15
5468.09
-806.65
9610.68
0.82
77.60
0.00
-4707.21
-19433022336
-15354348.36
3722.46
-4250.2413
642.71
2.85
0.00
2467.64
1614.80
-2176.00
0.00
-1670.77
-3933.00
3712.68
2348.40
0.00
1515.814414
7938
6545.41
3793.71
3702
0.44
2591.00
6844.0000
-0.75
2535.78
12260
0.62
5790.87
1891.27
0.00
0.00
0.00
4011.70
66435959.16
-6595.3162
9.86
560528.78
4191.74
1452
34612236.83
0.83
1928.18
2978.42
35216711.17
-7361.99
3163.14
1424584.02
4441869.63
0.10
3386.43
-380.00
0.51
4723.75
1.62
-21.26
0.00
0.00
0.51
4618.15
979.79
2594.91
-6798.63
5125721
2.51
0.00
20276490
10175
25773720
5707.13
1552.55
-0.7864
0.00
11571.90
-25072510.16
36660024
0.11
68481813200
0.46
738.42
0.68
0.23
0.00
3300.00
0.56
4028.78
-411.73
5555.25
16013
12047
0.00
-0.60
227.42
0.00
9840.00
0.00
9256.11
0.04
-8388.57
0.00
2375.19
5866.61
0.33
-440.00
0.00
-0.01
542.00
8583.00
0.53
0.82
2559
-950.97
0.00
-7632.13
1.03
0.00
7679.24
8390222725.50
0.00
1845.44
339.78
-12249.92
2064.96
0.00
0.00
0.00
0.00
-178595.40
0.00
0.00
818.72
36420644
-5653.52
-153.14
156.40
-0.69
6536760
4643.46
0.00
1812.18
-777.99
49.00
9429.27
3.36
572.17
0.00
8930.17
0.00
0.00
2582.53
1.35
1825.61
6155214.90
-6951.00
3489.00
0.37
4054.00
5952.27
0.00
-13652.36
6366.70
1.25
-4332.00
11155728.77
-3006.50
1632.52
7939.35
14783.34
0.00
1.49
9711.62
0.00
429.16
255.76
3846
0.00
0.72
0.00
-6979.92
4671.00
0.00
-12785.23
0.51
-3317.50
0.18
11803550
0.00
8741
0.06
-1787.88
3408109
0.09
0.00
1457554.00
570.00
1509.99
-3798.94
0.0000
0.69
2626.09
1.00
1975
20003922.00
1460.65
2437.50
0.07
0.00
-1414
5441.81
0.00
7063.75
76759930
1640.10
2203.27
10009.30
6784.43
-0.52
6140.64
3501.42
0.00
0.65
-4224.00
0.00
10160.07
1687.15
-0.84
283.05
26062688
-726.04
0.99
6358.00
0.00
4305.04
3037.25
0.00
0.00
0.69
0.99
1.04
7226385
-9892.61
36829974
9083.00
4970.48
35273.68
0.00
76.73
0.91
50523185878.50
0.06
7599900.0000
-2419.47
1.32
4747.27
57552040
9315.00
-0.42
22885.59
-6720.99
1176.88
37842463866
-38901077.34
2090.91
32253012
-9674.98
844096.00
77.91
0.17
5620158.88
-0.11
199.98
9408.62
6757.08
0.13
250.0190
3.41
-2945.50
9088.51
3885.24
1.54
38473504.00
0.00
0.03
-0.33
8614
7425.86
754.71
839.93
0.89
-1833
1539.35
0.00
1861.62
-1891.13
11331.25
-3173.29
971.26
-8091
0.98
2556864.00
2202309.1790
1.55
3200.67
9241.94
1783.34
0.00
1618.96
964.9041
-0.18
880.21
3764.09
10940
3261.30
1.40
0.48
-0.05
-3407990
-69636345
1.64
0.15
0.00
-2892.57
0.00
-8265.35
0.00
4401.00
791.10
0.00
0.00
4599
0.00
0.00
0.1400
128.00
-8012.93
3543.59
5933.00
0.27
0.10
4101.68
2313.13
0.00
0.32
4686.00
0.38
1.14
0.00
536.32
4725.54
12289.35
0.00
0.00
-5001.42
8930
-2854.44
0.00
19153026.80
138.5205
1.97
5309.73
828.82
14395.82
0.01
0.05
-1596.00
0.51
0.00
-2.07
0.14
52.24
0.00
2551.85
0.00
4801.90
2796.50
0.00
0.00
9426.66
0.65
40513925
80006492.80
5976.39
0.00
0.53
0.00
-3225.86
0.00
0.15
0.11
4580.19
2.27
650.65
2.59
0.05
1.59
3276.01
6749.80
16699
9696.07
9475.51
3005.56
9819
2697.32
-8125.52
0.00
0.9614
6200.04
3783.35
0.01
0.10
6595.58
-0.54
0.01
2804.40
-0.22
-0.65
5485.0000
11224.98
6691.43
3655.08
4881
1.15
1276.40
6478.49
-5062.82
1466.52
8505.01
0.00
-0.8232
1747.9836
4912.90
-0.22
7114.48
0.75
0.35
0.91
6814.17
0.96
-6102.76
4477.29
0.66
18658.82
1456.90
-22781491.20
7203
361.62
0.63
0.10
0.00
0.26
0.00
0.00
0.00
15167
0.30
0.00
8258562
5613.00
0.00
0.00
2129722.56
0.27
4201.00
8047.16
2663.79
8524.34
0.00
-3552.98
8446.87
12200
4594.10
2048.61
0.12
0.46
-6083.00
3027.66
0.00
9178.97
0.00
-11.65
11214.55
0.00
12466
0.00
-5962.97
0.70
622.88
-4204.74
3002
1.42
392.33
9226.69
-0.86
9388.10
10.16
4.81
-0.3906
0.15
14131
4101.48
0.19
0.23
0.00
38770895
2170.30
861250
6241.34
7624.06
66095616
0.0000
0.00
5058483.48
7527988
4576.89
6158.64
0.00
0.00
1.10
7960.59
19144912.00
-2364.75
-383328.70
1947.00
7743
7462
-5119.43
62665362
0.00
0.00
100.35
0.00
-0.73
3608.00
0.00
0.02
0.47
0.84
0.57
0.00
7036.02
1526.97
0.91
2.85
0.02
14613
2956.81
0.00
318.35
0.00
0.0000
0.00
16.31
0.00
5.29
3192
691.64
0.02
0.00
16552
0.00
9636.37
1693693.89
-4111.77
8963.00
6568.6022
0.78
-0.82
0.00
3216.58
2.25
0.14
9264.95
-567.43
25620965.16
19315615.14
17105692.34
18311
1.58
-1208.95
7373.21
2123.86
0.00
0.00
0.60
0.99
-741.00
14871.93
0.00
-0.16
5220990.90
31032388.35
0.00
0.00
0.00
-5268.03
0.01
8691.00
14401.65
-7786.16
5284.29
-7064.22
-1959.07
-6186.04
-0.66
55140392.71
2404.80
0.91
0.00
460.96
459.19
-1386.00
0.06
3925.71
0.66
6215.17
0.00
0.00
27024272.00
0.00
68.44
0.22
554
1123.58
-5386
-633.5473
-7423.00
0.46
0.00
783.74
18316581
9442.26
116.77
0.00
-8051.00
7338
7702.76
2918597.98
0.00
-102596490.90
-1331.8900
15807.03
0.00
-8290.63
4804.57
7263.52
1152.29
5674.24
0.38
0.00
0.84
0.02
-7570.48
0.90
-7774024.62
0.55
-9236.76
0.00
2034368.51
-9749.00
0.00
4737924.40
-2016
8.58
-332.79
21060494
85982611
3182.12
2515.02
0.00
2752.87
0.00
-0.12
5945.00
-1451.4464
18285
3924.77
-3728.92
0.45
31468693.17
0.00
6110
12858
732.95
22289
-1903
0.00
10799
9550.85
-4617
0.45
-6791.68
0.85
4089.10
0.00
58437863816
0.94
0.00
-9610.03
-9814.55
6072264.80
-0.86
4827.17
0.86
-6259.68
517
-2016.71
4842.40
-63277466.88
0.00
6639.00
3986892
3325
-5731.78
9160.00
6340
-5487.10
10068.85
6974.52
1754.79
0.15
-97.45
-4571.37
-0.93
0.00
7174.49
476.90
7569.75
68.74
0.00
8048
0.00
0.28
2596389.90
10689
38011390.26
0.58
0.0000
7954.9872
0.78
1139.72
419951.72
0.00
0.15
-4965.82
0.00
3584.26
-11757.36
-0.76
-220.72
1856.32
0.00
1.69
3309.52
0.03
21605
2543
1.42
8382.58
0.00
0.92
9347.40
-1310.57
3075.93
3797.00
-66314418.71
14966460
-1.53
-20070880.46
-4019.00
652.80
0.00
-905.17
0.00
9902825
0.00
15642.00
0.00
-6202.72
0.00
555.76
12510
0.00
5627.17
0.41
8086
0.85
0.00
-8140.96
0.69
12742.51
0.00
0.00
1.06
0.00
-3770.00
-0.46
6979.52
-2270.50
-297777007249.92
-3749
2269.63
-2703.08
7262.55
197.27
0.00
52331.30
-10810.58
0.00
1.92
-3372.02
0.00
-226
2607.96
-8276.34
1.27
-7693.46
776.97
18307.31
-0.67
2422.81
-0.35
1716.09
0.00
1374.24
536.17
-36275.17
10.31
0.32
5473.71
0.60
-4747
0.01
0.00
0.00
-1610.90
-5553.24
7306.66
1366
2.23
155802084900
0.00
-5704
0.00
4615776
0.00
0.00
3749.76
5137.42
0.19
21679859
56463480
-599.18
0.21
0.00
6765.10
0.00
0.00
0.18
-8192
28072732
59.96
16062.45
-1.34
-0.54
1257509
0.00
67415760
1.15
0.45
0.00
-0.93
8940.32
862.57
0.00
0.00
1682.03
-6.82
0.00
-3684.00
8318.07
-3607
0.00
0.00
3601360
-33173402
-0.03
2246.02
7898.56
6623.00
0.00
0.42
17.29
12866
0.51
7453.87
0.81
0.00
10415
-1964.15
7134.31
0.14
3781.50
372.49
0.00
0.19
0.16
8273.33
4001824
0.00
16082161.20
1.20
8476
1.91
1160.38
9453.06
4205.27
0.00
3.77
0.00
3075.67
9609.34
2900.00
0.03
0.00
2773.97
-0.55
3784000.00
-2094.21
0.00
2412.22
-4020.00
2047.74
0.9600
0.50
0.00
4291515
-7740.67
9573.24
-747971.86
742.19
38327004
-528.60
0.58
5055.35
-4589
0.00
2300.63
1.12
12981028
0.00
6326.46
-4038.62
592.92
-893.39
-16299.47
-0.0975
439.20
0.92
-5467608
4259.41
0.55
5549.07
4421342
2758.22
1.02
54528237.40
2446.84
943.93
0.00
0.00
-9417.05
10976.28
0.16
0.00
-0.65
8733.58
0.00
7810.66
3300.41
6655.86
0.00
0.00
3621.77
0.00
4013
3839.1015
-2179.85
0.28
0.00
1996.55
0.00
0.00
3369.60
109.80
0.16
0.07
9602.88
4461920
0.03
2665.95
0.93
-1639.17
8.88
1728.23
7908.00
14950.76
3270.24
-16.4580
6680230
0.00
8659
0.00
3366.41
0.00
0.59
945
0.04
-9330.29
-6029.54
0.00
0.00
6329
5173.92
0.49
82723726.26
0.89
-3842.79
-7044.42
-1342.30
0.53
1.55
0.13
0.00
1657.49
0.01
0.29
6131.61
1631.83
7879.00
125384965
3404.00
0.00
10632192.89
2996
9698.75
1371.44
9906.19
1.12
4626.00
-1104850.50
1691.20
4718.12
0.00
6258.06
4069.31
2.32
2.26
4647.17
-0.25
-0.83
0.08
0.00
745.33
2209.00
0.00
0.00
-40656.76
4.54
1476669.67
0.18
5957228.16
11157.00
2601.95
9043.84
3079
1056.67
639.86
-4392332
-884.28
0.00
3752.93
0.98
5364.27
-3489.36
0.04
-8262.25
0.00
0.00
57042917868
-2642.09
-2328.68
5927.08
0.00
-7145.51
0.00
-7324.82
9982.00
407.01
4249.20
0.23
8170.23
-1144.12
-2290
-2000.00
50563.66
0.06
2.19
0.00
20447042
0.00
0.00
0.91
5583.46
-0.23
0.06
0.00
-5820.74
-5775.29
42053220
0.00
352.24
-0.23
0.78
0.72
7607.98
2214659.00
1065.44
0.0000
12614
-3445
1640.03
0.21
0.83
2285.84
1450.73
37405134
0.00
3.23
-823.44
9086.31
-7184.00
-17920617.41
0.00
0.61
6014.54
0.60
17718
6627.00
0.00
-11933.10
-9474.38
1.06
1.39
4064.57
7777
-2306.00
2546.81
1515.72
0.00
22575
0.00
0.00
8217.83
0.00
0.81
0.00
7261.44
5592.63
2292.08
0.63
6715.38
1.40
3511737.60
0.23
0.00
436.37
-4219.00
669850.92
4575.34
-3247250
0.00
0.07
5349.73
2.55
0.47
9574.80
0.74
-6635.92
3609.80
0.00
0.00
6313.00
-901
7992.98
5058.00
-1504.89
0.00
0.00
-2435.01
480102
2221.29
4927.54
9332.26
6426.03
11923
7159
-7963.36
0.00
12074.97
0.00
6248
1.43
0.00
-2179.32
16929
54429.41
0.52
0.00
0.00
0.00
28142687.68
496.86
11391.23
7502
-8408.49
3548.25
5271.46
0.17
-6661.44
37973553.90
4117.12
0.75
0.39
0.00
3648.91
8370.00
-5783.86
2136.68
-9.72
-7114.32
2222.59
-541.4592
0.74
9753.00
0.00
4102.64
18770594
42201130.41
1.67
4122.83
0.00
4755.78
8104.91
-9185.35
0.00
13.04
0.46
0.00
53669256.00
-1244.08
6373.00
250570100.00
1.82
0.00
3427.96
0.49
14956.01
-8369.07
-1098.52
-1686
4481.52
3252.47
0.00
8382.97
0.00
9878.97
1832.69
6041
6880.00
917.91
446.56
43.00
10743265.60
-623
3028.34
0.00
182039
-7910.01
-0.36
10568.36
-4057.91
8674.82
10169
0.83
1119.89
0.00
-15240
29665317.68
7158.89
0.82
10486.90
0.02
0.00
-4726.24
5307.11
4492.92
0.00
2817.07
-3360.51
3105
0.00
9856.26
7276.03
774.14
0.87
2.04
-0.10
-8315.19
35805500
1110.78
-11145.89
9352628
4872.00
3547.01
6592.32
0.76
0.00
-0.15
5231.64
-0.57
2226.04
6924.32
3882.17
4118.00
7170.84
0.00
0.00
-5894.97
0.54
39049387.53
-5550.98
10383.87
11478
0.00
0.00
0.00
2480.90
-473
0.40
-0.75
0.00
0.00
0.00
26987922.41
0.00
0.00
0.00
3388.87
-1.11
3851.37
-804
3463.05
12.67
1544.91
22293799.01
8708076
-0.93
-1617.52
-0.01
0.00
9299
-20331960
0.00
0.00
33657745.15
2744.71
-2889.47
249.90
0.62
0.61
-0.62
-1012.69
27963827.00
-4166.17
-1283.35
1289.43
2594.1698
8557.00
0.56
1878.63
0.08
-4627.94
0.29
57.28
11.15
221.8902
-2462.42
0.00
2509.08
-0.33
-7845.89
6317.26
0.00
14396200
-0.51
0.29
3658.4093
1.47
8430.03
-3.14
9247
-1777.59
575.73
-6625.91
0.44
885.15
0.00
44748654
0.08
1.6380
-3453.06
44401238.81
-1.95
-3902.72
2578.98
-0.21
0.31
-6517.09
42164916480
-0.44
8394.48
12063.89
33591535
173.26
10515.76
-0.33
4152.00
8358.60
0.35
5352675328
12170.68
-8974.00
-0.31
0.58
51680422.50
1795
1874.00
2496.84
1836.42
0.00
-4938.67
0.00
3299.88
-41038920
8267.53
3651.73
-108.2572
-2.13
6548416
4944.58
-0.62
1605.51
3.71
2.42
2019
0.00
0.00
9370.42
89045828.10
15024
-0.48
0.98
0.27
17404572.58
-0.73
144487.00
-9799.07
0.25
-511
0.48
8098.04
0.00
0.00
8765.76
-948.06
0.33
2502.35
7677.39
0.36
0.00
0.00
36.90
-1.41
5741.51
11105
781.59
0.06
53.76
1531.44
0.39
0.39
-1050
1723.93
0.00
0.00
177.00
0.55
-7400.00
1.24
4608.68
1.04
16564.24
-4194750.99
8437.00
10676.14
0.23
2232.48
0.00
-4302.75
0.58
0.82
0.55
16080770.44
3989.23
-24979146
0.89
0.00
0.00
-9192.50
0.75
2.57
16034.99
0.00
-607.35
0.94
4745.61
0.00
0.84
0.00
6951
9471.70
7440.21
0.00
4380.93
26291035.0550
0.00
9061810.20
0.87
396.12
0.00
6154.79
0.76
0.00
1.46
1.68
759.00
3891905.31
397282
0.47
1134.4520
1.58
197.39
0.00
0.54
0.00
8357.24
15425.00
0.42
11515.62
1777.15
4621.81
1.09
18760835
0.24
8313.91
0.07
2138794.07
0.00
-7516.00
-0.37
-6535.00
0.00
20416.20
-8010.20
15351238.13
3417.00
14387.04
-9504.64
0.00
0.00
14555.43
-6532.89
0.00
8136.73
246.84
32108796
3656.68
7935.67
5.42
38436117.58
0.5600
8375.77
5614.99
-465339.75
0.89
2169.68
0.00
5093.13
7250.52
2601.69
1731.87
0.00
404072.50
0.52
0.00
0.05
-0.21
9862.57
0.53
1.58
-1453.67
0.00
-1544
0.00
0.00
11046175
19062012033792
0.00
57.70
0.21
-3266.00
-5.63
0.00
630.47
4.57
-4.62
-743523.70
345.60
3836.00
0.00
-7072
9253806.42
-3095.16
2109870.20
0.53
1890.00
-527.00
0.20
0.97
3318.70
12105
8204.33
0.00
0.03
10896.91
-3018790.55
0.26
62.41
7796.70
0.168905
0.00
0.00
0.00
3141.11
1771.67
0.00
3090.85
5200.49
2930
-11975717.97
0.83
4331
0.00
-1683.66
5703.80
0.96
11194.76
2084.57
0.65
20.75
3666.62
0.74
0.7800
-5963.10
-2736.45
0.99
0.00
0.92
5596.16
0.00
0.00
0.00
13897.53
6301.38
-0.09
0.00
0.26
0.00
0.51
0.00
861.87
0.20
0.94
8969.28
508.17
-224.87
3957.48
0.76
0.00
4261.00
0.00
3.15
-0.88
-284.54
0.64
4865.75
25854906.43
0.00
0.00
-25989473.10
4897.86
7735.81
5875.12
3536.89
28306910
0.00
-0.0102
2727.00
5077.61
25.80
2271
8265.00
-3236
0.00
42159380634.00
-14359
0.00
-496.7872
9363.00
4801.00
0.68
1.66
-9871.99
2213.46
0.00
3336.58
0.00
0.00
3090.18
-1218.62
42750792
5592.00
0.33
1169.20
4087914
1681116.87
0.00
0.04
8578.35
-2153.76
6715.07
-0.30
1095.70
8553
9196.75
0.07
0.07
3580.70
0.00
0.00
8262.37
-1147.75
0.95
54038401.45
3765.49
6439.83
6402.81
-0.16
8241.41
0.28
0.00
0.00
3063
-3899.51
-13605.41
0.00
6159.69
-5853.65
0.00
0.00
0.91
4511.00
14447688.95
-100.19
2230
1620735.48
23895628.68
16525951.29
61920864.54
0.00
5.63
8263.50
0.00
-7166.56
17404.00
9459.96
443.99
4697217.51
1184.58
6978.00
1823.90
5805.06
2728
1872.27
-1898.00
1559
0.00
0.00
0.00
0.71
3688.57
6929.40
0.47
746.30
0.92
-0.65
2366.9712
1105.76
-4658
-0.64
-7650.38
1659.39
-3515.60
0.00
-84
221.97
1810.48
282400.00
2865.97
0.00
0.00
0.00
-783.12
641.74
5381.00
0.83
66.96
-0.13
5820.58
7920.00
0.14
1.22
0.00
0.03
0.75
2125.55
-0.69
19002.17
-4038.96
0.14
71148592.90
6402.94
3.69
6264.57
8600.15
39784203.80
0.95
443117.80
2775.77
5518912.70
9580
1998.71
3.94
-3308.00
-179.82
7980.00
2.81
0.6500
6576.06
-9827
0.10
0.00
6155.91
0.66
16662037392
6959.59
6094.07
1.13
-8647.92
0.00
0.00
77453180938
78042655
-3964.80
9242.59
0.00
10196.85
11759465.76
2563.11
1075.36
0.00
8632.42
10829.33
3127.56
3311.47
0.09
4139.83
8877
1.66
720.59
1713.47
0.00
-1872
0.00
2.23
0.15
18952089.12
6937.63
6422
867.6352
1.04
819.39
5425
-0.26
9915.05
3775.57
0.79
0.00
498409.40
0.00
6180.93
227.89
7862.47
35158599.07
-311.55
-7665.79
0.00
0.00
0.00
0.00
9329
4616.52
3461.00
1.71
0.85
-3533.01
6855.18
0.92
9836
-0.44
2122.57
0.00
5471.97
0.35
9185.78
0.00
0.09
1511.72
2744.95
1.19
1687.81
0.56
0.00
0.09
0.25
1085.16
0.16
-7760.27
1.29
8570.43
0.00
3046.54
3122
2.95
3268580744
46426562
56764538
1.09
5361.94
5054.95
0.96
0.00
4151.15
33130514.12
0.00
12.75
-3885.40
3772.59
9919.95
-9049.42
126.18
143.47
0.51
7595.73
4606.90
5566.00
-0.07
-10854563.26
5484.53
-1640.63
1914.09
0.00
4865.52
1990.85
8130.57
2113664
1.42
0.44
0.30
0.00
0.00
919.05
2380.29
2236.76
5397.00
1380.78
482.82
0.18
6369.00
32238061.80
-8438.87
7506.34
3454.34
4195.23
6425.45
0.00
0.29
0.31
0.25
21066
0.00
16291.47
-8353.21
18572014.00
5008.21
0.14
128.00
12712151
8881.60
0.06
0.01
0.14
0.00
2.14
3933268.2270
0.15
0.27
0.00
-0.43
0.00
0.00
14171626.50
0.00
0.00
44973887
3567.43
1.34
0.00
-36868105.84
1149.75
10118.6640
1276.77
-229.67
0.96
2438209
0.00
-7124.46
8.12
-0.67
0.91
-1878.00
0.38
-0.79
1.10
0.00
0.86
4901.40
0.49
0.00
0.43
72495.35
0.08
-2375
5043.22
0.70
380.76
-4406.51
8437.63
0.00
1.60
-0.56
-875.13
7317.00
2040.12
0.00
7304.27
2412.60
0.86
-4307.00
182.61
6296.22
0.00
0.00
0.00
6029.60
5258496
9254.90
4998.72
-1479
9000.90
13798
1439.43
1.66
553792
0.00
0.07
9390.89
6017.08
1956.93
-4876.19
29263624.00
0.00
0.07
0.00
-5.55
0.73
0.40
0.78
1156
0.00
6095.0000
510.52
6288
0.20
-629161.47
-6770.95
-578.20
-8158.63
-0.54
0.17
100.73
5220.00
-0.16
0.00
1.12
1600.79
3.52
-1991.17
1296.03
49.54
0.00
0.77
0.00
0.4700
-4011.47
0.00
-0.62
5606587.80
9452.47
-985.21
0.00
340.00
0.00
425.73
0.00
0.55
0.00
6312
9546.53
20.80
0.12
0.17
11413488.06
4865.00
0.48
25207728.64
6763.2430
0.00
-3854.72
0.01
-8960.85
19088098.80
-6719.06
0.88
1.03
3585.88
0.65
0.20
0.00
7229.54
-3454.66
8270.86
11355.01
8708.78
2563.87
-950
4221.42
0.10
1894.00
50.39
0.00
0.00
-6424.00
380.07
0.65
0.37
-0.05
-2530.27
3492.02
-7804.00
2.50
4092.24
8847.10
21623672.46
-0.73
807.36
9963.95
7327.00
0.00
1.05
-700.24
4265.24
7854.41
3.39
0.9021
-4559.58
1.71
-9427.87
54023872
0.68
1450.36
0.00
8513.02
-27517022.43
7834.49
6469.05
2649.91
13447026.00
0.00
-5075775.76
6473.67
0.00
5183
0.99
0.07
0.00
5841.03
19.14
-0.26
0.00
1992.99
69357537871.44
0.31
39174163
24762780.79
-6775.62
0.00
6103.17
28520128.44
-4690.80
0.00
-6311
0.84
3987.05
3.23
-1.73
11801.37
552
9301
5076.91
0.06
-524.16
11644700.22
8750655.30
0.00
1169.00
0.43
7415.65
540.00
1.21
12882.00
88.44
0.00
-0.51
-0.34
1356.04
2127.30
327096.06
-0.38
1590.52
0.00
2810.04
8056.82
-5708630.72
10173.75
0.00
6806.37
8580.04
4349.51
1.29
0.00
-1167.84
-3096732.52
16936.90
-0.25
5034
8999338.5888
9453
0.61
10096.61
0.00
0.21
3110.11
0.37
5244
-29.38
5278.0000
-258.93
0.00
1297.04
0.00
-2376.29
1.68
0.65
3633.00
0.00
835.63
0.00
5870
0.73
2786.14
3436.12
4792.14
1224.32
0.64
0.00
-0.20
13157.73
8034.74
0.00
0.02
0.00
2994270.18
0.49
0.78
1.34
0.07
-1492.16
0.47
-2842.73
0.97
0.01
-16258
2006.78
446.71
0.00
0.08
7571.05
9831.56
3202.84
7316.98
0.44
0.00
-8044.95
0.39
0.87
14885218.57
16221023
9442.33
393.39
-8012.00
-2839.56
0.09
1451.60
0.00
9196.14
-0.93
21.79
3047.00
14393
3841.78
15840613.88
0.62
0.47
0.10
-367.90
76701037
-5.44
3321
0.00
0.00
40335743217
36098997.48
0.00
-3091
0.93
0.98
-6999964963
7696.40
1.05
196674985440
10908.74
644894.73
15093954.08
9410.97
7067.20
9934.34
30791960.64
-11027.15
0.17
-0.83
8375.22
1.52
-4709.46
3551
6832.29
5780
8606.4191
0.83
0.64
-0.12
0.00
0.59
0.00
-6239.00
0.00
141.12
0.00
0.00
5413.09
0.04
0.00
3515.16
0.64
5162.73
0.00
-336.49
541.60
0.0000
0.00
3.30
8435.00
0.00
0.00
0.83
6.55
4909.58
7147.71
-1101
0.74
-7971.28
-2773
4749.24
-177
-9439.00
0.00
0.00
3707.05
95362960
-8790.99
0.00
-5588.11
0.43
0.38
0.00
2.08
690.73
0.00
0.00
2259.67
0.31
0.08
-7815.89
18442998.93
7301.20
0.23
-0.0042
-15827372.43
0.58
-11.70
0.00
2843.80
0.00
4055.81
0.00
3240.35
7678
300.24
-309.43
0.00
16616.97
1283
9537.59
0.10
1992.71
8590.00
3918.00
-9.30
-7602.00
1448.58
-799.27
26616084374
849.03
7113.11
6488.39
-7961.00
0.06
8092.82
0.00
5568
7532.83
0.00
0.39
0.20
-0.73
0.00
0.00
2666.00
0.13
4443.22
1.40
0.00
9174260.70
-5606.58
0.07
0.11
0.00
7801.88
1.03
-2244
0.80
1292.84
752.17
1181.96
6014936
-7570.00
0.94
10643600
-2544
710.99
24977048
1615.97
1.40
0.71
3.15
603.04
656.72
0.86
3394.23
4337.00
0.00
0.29
-6775.80
13480
0.00
11501942.64
1648.19
0.00
-20872.14
-1299.86
4.65
40235.71
0.00
-64585733
0.00
83973217
0.16
-3459.25
-2.39
0.91
0.00
7705.28
0.12
0.00
12867.00
0.86
1712.16
1276.51
-1086.53
0.02
-17446.06
3.28
4976.00
367.30
-7787.00
0.51
7461.03
0.89
739.97
0.00
-0.33
9025.27
9959.28
8219.19
-2789.20
4966.0720
6524.0000
6443.40
26193350.52
9108.72
0.00
0.00
-8935.45
-21835282.00
0.00
1047.06
0.00
0.52
9564.23
-1340.56
9170.24
117.40
0.45
-0.79
2062.43
-6188.45
-1112.84
0.72
-7065.76
-0.34
10330.65
0.19
2845.96
-5325.30
0.00
3436.74
21942170.31
1640.88
0.00
0.55
0.71
1944.13
0.32
0.44
0.00
424.36
-296.8342
0.00
70.68
0.00
-0.64
11297
0.12
-1009
4936.69
0.00
13870164
0.32
-8734.86
2456.83
78232140
1.41
-10176.67
0.00
-0.19
2149004
8237
-5083.06
0.00
2233.50
612.73
0.28
62447440
5904.00
0.84
0.89
0.00
0.24
0.00
8100.14
0.00
6853.36
80406145.43
0.00
6722.38
83019874
7256.99
5521.64
-0.69
-4440.06
0.00
-28694302
0.00
12574461.24
-0.08
9820.56
-0.50
-8177.55
22973.42
7679.00
-80331930.00
1064.00
-0.46
2295.99
8236.51
158.47
0.53
986.30
-7265.29
0.74
-0.0780
4794894.86
-1858137
0.00
4124.78
4516779.75
-3859936.16
1.6791
9876.34
7244
2715.88
10824.98
-1551.43
-0.07
17151391.99
2603.89
0.00
6049.57
-2237.73
7025.41
0.00
-0.28
14605
5877
0.00
8720.00
0.00
0.47
901.60
0.00
-0.22
0.00
1758.29
-15976.98
-0.52
0.00
9384.87
-0.06
7276.00
3269.65
534.23
0.00
-17616528
0.00
3717.15
2821
606.81
719.91
0.00
-545
9018
6649.94
1636.77
14402568
-1096.00
2453.10
5.12
9960.01
0.00
9419.82
0.00
-7590.52
1.69
33759487.71
13681722.26
4178.05
-4313
780.07
4.03
420.84
7652.00
2484.83
2392.00
16106.86
-7026583.20
984.98
6418.92
0.21
6320.22
6935
-0.33
-0.54
75484991016
1083.97
-0.31
3.82
2418.62
456.5178
33208032
16317.51
0.00
-4060.81
0.00
0.00
1584.84
0.00
545.80
2768.54
0.06
-7611.06
-763.94
0.17
0.97
723.68
33377036.69
9277.47
0.00
12060.49
-6458.54
-0.60
4181.70
-5193
-0.48
-261.45
0.00
0.00
31673834.38
-6086.20
8.57
3157.8184
0.00
0.01
0.06
0.82
0.0000
0.00
6330.05
3028172.75
0.00
1.12
1053.85
-0.71
-2479.43
0.00
0.00
-6365.04
1089.30
0.00
1.95
0.70
0.53
0.00
0.11
0.42
-2254
10398575.92
0.00
9204.47
0.09
1294
172126162300
3447.01
-5088.00
5941875.75
0.00
3288
0.00
-3510
-3994.00
-8075.00
-2208.71
2284.68
9247.86
0.84
3081540.00
0.59
0.81
0.52
0.55
0.00
12845.69
0.00
-8299.28
0.36
0.00
5625
6185.22
1.52
0.00
3323.2010
415.73
-583.61
8934
5874.2443
-0.65
1090.19
7307.00
0.00
-2815.38
1069.11
1123.76
-6236.76
0.00
5642.01
6753.00
0.04
0.30
0.00
2550.26
3933.04
7430.47
7183.00
18345567062.41
5382.65
-1480.69
-4527.77
13683
61.44
0.00
9452.37
401.11
-0.95
-0.79
14382
11637
4041.89
11769.00
746.59
0.00
0.00
0.00
7353.43
2900.96
456.15
0.00
0.59
4584.00
0.43
-0.04
0.00
3708.00
6415.51
1860.66
1.1007
5826.33
-4921.57
3722.53
451.00
0.00
0.37
-186.48
-0.49
7168.17
1792.72
0.00
0.00
13200.80
-0.22
15183.95
807.04
3569.57
59608500
-16218972.57
12717.58
-0.76
0.00
2480.27
0.00
1967.15
0.05
15968.00
12396
0.29
0.30
5800570.32
0.32
0.00
3452.82
-6313.20
10494.00
-11583.13
0.72
18827727.56
2.21
4924.00
0.27
0.22
1749.33
3672.48
8894.48
0.00
-9088.49
-3520.47
-11634568.00
-5374.00
-3805.27
4104.00
0.91
40353691
10794
0.00
1.43
21887905.15
0.09
-3468.87
3512.70
-6665.82
0.00
0.00
7404.36
10000.00
4854.89
0.00
3457.42
0.00
-1316665
0.35
-4352.92
9719211.96
10063
0.00
0.00
-2891
1.12
3159.72
3074.85
0.72
-0.52
4128.04
0.00
-0.04
0.04
623.88
1859.00
0.09
12435.49
3311.79
0.01
0.00
0.00
-6150.65
6880.32
4449.12
914.32
-0.13
0.86
89582270
0.00
11085726
0.36
-2298.37
4923.20
0.00
12270593.30
8313
-0.42
9402
8505.24
62606989
6294.46
2303.89
324.85
0.10
0.00
-2870
0.00
2241.31
5578.88
0.00
19641
-7549679.12
-5400.00
0.00
2195.39
-5572.05
446.88
-24999.44
65457424.60
7341.92
1.11
534
0.00
0.00
-1178.25
4502.09
0.76
0.21
-0.73
0.00
6925.00
6712.97
7889.00
9536.21
-7230995563.68
-1568.57
0.00
0.00
-3211.64
0.40
0.00
0.00
7521.69
4482051
0.00
-4196.00
2.47
-0.81
0.00
2415.5802
0.62
44475552.45
-8278.00
237.04
3221.95
0.00
58595022
9628.52
1.35
0.5700
-1299.07
0.00
-1491.00
2.82
2094.40
26924372.15
0.00
0.74
376.94
4693
0.58
741.60
0.62
-0.06
0.00
11249.24
-5046.37
4997.65
7190.83
0.00
1.46
939.26
-211727195089
8783.81
2731.82
111.81
0.00
169.12
0.35
13174463.73
475.08
0.00
8628.06
0.00
-4514591.21
2762115
29217192
231.80
1181.10
-8815.88
0.00
9615.75
3709.48
0.45
465.89
-5938.91
0.00
0.00
0.10
1.03
-2558.68
0.00
4527.98
-2992.75
42774517170
3049.27
-817.53
4109.00
6404.82
3326891
-0.3045
3397.04
5330.01
1540096
6375527.74
1648.58
-7850.46
0.16
23937.00
8768.01
73443996408
1964.91
3281.52
11537.08
4333.70
8182.15
-1550.26
6583.66
1943.25
1.60
8885.96
0.00
8289.77
0.00
1251.84
1.08
1.00
8241.77
-5071.28
2696
3204531.87
606.00
-1596.47
-0.08
-0.56
0.00
103.39
2877.88
-1584.59
0.04
11786.73
54627300
4906.00
4792304
-0.83
6424.91
-6772.84
2951.42
0.51
2094.80
0.41
0.00
0.24
0.00
4007.65
5665.62
-795.73
5045.28
1.03
0.00
0.00
3759.20
-9792.99
2381.00
1210.56
-0.45
1.13
-13237665.66
175.90
0.13
36.70
-1783.48
22136125.13
14029.92
1.9266
-6694.57
-8366.35
8364.53
22092853
0.00
0.00
6398.87
0.33
4731.08
-3262.00
47710908.00
11019.82
17793.33
0.76
0.40
0.29
1835.03
12880
-9253993.52
0.00
9755907
0.00
8320946.84
0.00
0.15
-0.62
-5232.8870
6889.00
0.04
-352.97
0.00
4684.00
19185655.60
3974872.12
-763.31
0.00
0.00
5294256.84
0.00
-1640466
-3415.28
0.00
-0.38
0.00
-6077.71
-7142
0.2100
0.00
-2503
0.00
0.50
0.10
0.00
62289369
-0.06
0.0928
-0.05
-4132
28919880
2.75
0.83
7571.77
0.65
0.00
0.00
-0.78
3620929.07
654.20
0.00
1519.00
1.47
0.00
0.46
0.34
6058.46
0.00
0.28
0.37
0.00
1476.37
725.00
0.67
550827.03
0.00
-9047.48
3270.93
3767.13
0.00
-66859885
3518
3456.52
18049784.10
9493.99
7854.42
3184.92
6571.46
4581.62
1682208
0.00
0.21
2481
583.41
-131764335.36
0.39
-583.69
0.07
464.90
0.00
-0.02
-0.02
7563.33
7849736
14080
8217.01
-0.16
4580
2898704.64
445
1.26
0.00
1.32
0.74
12966.20
0.00
0.85
0.56
-9986.16
0.00
6447.36
2713.00
15496
920743.1964
0.01
0.20
0.00
-0.08
83521992.18
234.60
6545.58
7548.88
10038816
0.29
-0.83
6741.00
6329.96
82.18
1291.53
-6097.43
1444.3125
493
0.00
-5658.60
-1.90
2215.28
-1177.02
44817.99
1645.48
4237.50
4976.00
369.62
0.9064
3374.60
13470
6428.83
3399
0.9800
0.37
6541.18
14420.46
4946.33
7494.12
-1517.62
13583.78
288.80
5932.1600
435.75
825.52
-4572
0.69
7723.75
0.00
8298.00
-4250.37
-1.09
248.36
-0.21
-4940
0.00
0.00
0.21
0.00
-41519957.18
1426.63
-0.29
8902824
-467.42
-1.13
-2852.96
-6269.95
-0.39
2635.34
38046305388
4126.08
-6394197.60
18982.35
14.37
465.5658
0.00
3380.44
5411601.32
0.67
4459.28
-0.50
-0.20
0.73
1.03
-6774.42
1.41
7971.36
0.03
36701688.40
1529.88
-1.87
-7749.03
600.4812
0.00
2052.22
4338.08
1733.25
5673.69
0.00
0.00
1.59
8037.15
430.63
29499426.84
0.52
-3017.15
9834.77
1.06
4534.21
1.27
1299.97
-613.31
0.00
0.00
3009708.98
1.53
7.02
104.21
-19104186.42
-8494.00
-2575685
251.52
0.00
1.35
0.86
0.00
-643.08
8646.21
0.00
23619536.52
589.00
-1709.61
0.00
0.51
3064.29
9359.00
0.00
2723.50
0.17
-1737.19
3419.22
0.33
5830.43
1.69
-9199.7270
0.00
3467.00
0.00
541.58
3598.70
1.61
0.47
0.00
-0.56
16866720
0.06
-873.00
0.45
0.00
-885.00
-299.02
17762423.18
0.00
16151.10
-7192.73
-8503.92
15308.28
1070.24
8300.64
-3797.35
-0.38
-2973.00
0.46
33.14
3706439.44
0.00
9217.52
75157921764
3492.43
7067.39
1248.87
1113.31
0.00
0.00
0.74
1126
-1818.87
0.03
0.00
7404.45
0.00
0.00
-0.25
-0.70
0.73
106.32
18820416
0.00
0.00
8809.97
4430.74
65040113
1.15
0.10
0.39
2154.57
0.00
0.12
-9852.00
0.00
6354.29
1869.94
486.42
0.63
3997.78
-6042.00
1.05
-4237.20
-11275812.57
8329.06
-631.24
167.19
0.00
-22334678.43
12480042.48
3768.90
5852.00
3810.12
0.00
256.95
8866
4446.87
0.00
0.02
0.69
541.03
2853.37
-0.05
0.00
-652.10
2944.44
318567.84
9676.83
-77.70
0.00
0.00
0.01
2.55
7440.38
75364450.00
26227803362.80
2337.81
0.00
9319.44
1046.06
9550.90
766.00
0.00
-0.01
1048
0.00
15987.82
1936.92
694.14
1.07
8829.05
0.00
4256.58
0.42
0.28
-0.32
0.31
10051.03
-6113.07
-6744.31
0.0000
0.73
50622375
0.98
974.74
0.7743
3282.00
3.41
-0.03
4137710.72
503.99
-2284.00
7927.66
4965.74
1.39
-10649.98
14852.76
0.0000
0.00
-6050.10
-8258.24
3497.02
3039.36
0.00
3894.68
-1516.55
71.87
0.24
22429353
0.00
1.13
30.12
-0.63
0.09
0.3075
0.47
3471.85
0.00
1.0520
0.00
875.00
2084.57
0.00
2211.00
0.00
1174.04
-0.27
3043.40
-3314.04
5855.86
3114.45
1913.71
0.00
-9225.00
2269.91
0.00
67933681.74
0.00
-2009.96
-720.98
3342.00
-0.14
1.21
14144
0.00
-3778.46
-2377.08
0.36
6620.55
5959.00
0.44
3720
5663.00
6386.00
17548554.15
-1745268
9527.83
1.88
7777.42
4148
-2767.01
0.00
16427.15
9258.26
3660.37
-5338.36
1854.13
0.00
7437.60
-2462.16
0.35
5240179.48
-2567.6550
0.00
0.00
0.00
0.72
0.00
-1773.00
8091.77
6418.55
-1.67
0.25
2794.76
0.00
-4961.25
2581.5384
136.01
16294019.40
8721.00
3821.60
0.87
-0.27
6610.38
0.71
0.00
8845.35
0.00
0.00
14683.10
3020.40
0.00
-4411
28864755.92
1.22
9182.73
1358.31
0.00
33871329.80
0.00
116.82
8013.27
7606.26
-5687.00
523.19
0.72
6486.48
2129.71
-2451.00
0.00
0.74
-8047.91
1.11
1.29
0.55
-0.34
0.00
0.00
0.00
13653181894.00
13069.34
6113546.89
15778.59
5508.36
0.30
3099.38
9972.51
12251494.28
0.00
3726.56
-2066.80
5220.60
8142.74
0.00
-0.60
0.00
7547.13
5100.06
2505.13
7447
-1781.10
1149.36
-5840.50
0.00
27573437.93
-2217.07
0.00
7986
226.30
4130.12
1930.48
-369937.32
2563.77
-2917.49
653.14
2549.97
20493905
187327406807.81
0.00
0.00
-0.41
0.00
0.00
0.00
16069996.25
0.09
-0.83
0.65
6989
1.04
0.00
0.00
-472.00
954.11
-47.88
30781194.81
128143170
0.00
241.64
9431.16
-347.81
8018.00
-3208.70
0.00
0.00
6464.77
0.58
351.00
4878.77
0.00
1.29
0.00
4.97
0.00
6739.11
1626.00
0.00
9240.16
8471314.26
0.00
9382237
0.82
0.00
0.00
1133740.95
0.00
2.40
0.00
600
1018.18
2277.17
1267.35
5828.54
-11597.00
0.00
0.00
5047.00
0.00
-3197.00
0.00
0.00
1.18
7414.00
2137.84
0.94
-4867.32
9850.00
-6657.43
0.00
6235.00
0.61
3718.22
0.90
0.00
802.20
0.00
0.00
0.00
9030068.97
9226.20
0.56
0.00
-5214.77
99568262640
12820269.00
0.00
2054.30
2.16
-1870.77
0.00
0.94
0.00
-28092841.53
-7280.00
0.17
0.65
-2426.57
325.09
6202.83
0.00
417.41
4.44
0.36
0.00
1.08
0.00
2963.41
907
184.76
1.10
4101.02
0.37
0.00
0.43
353.22
3042776
4689.04
-2332.39
1.33
0.00
-1879.83
8251
3935.09
1.43
14349
1.47
-0.04
0.00
11233470
-6923.76
13771679.29
0.63
0.32
8243.34
0.42
0.59
0.00
8162.23
6206.00
0.00
4824.3888
-2672.87
30796079.23
0.00
0.00
0.00
0.00
0.00
0.00
64460500
2786.22
0.05
1050.03
294331.39
1418.07
3194.99
0.13
0.36
4686.00
1488.00
1666.83
0.00
0.00
0.00
27802958
13344526
0.00
16070
1979031.00
9884.05
0.22
8802
-1859.59
0.26
3167.36
7412.04
428.57
25612415
6894.00
0.00
-8253.98
6305
-26245.18
18845.80
7890.00
0.58
4982.20
8020.50
-0.09
89785218
0.00
2009.40
12992.00
1.44
-4404.24
1464.66
641469.40
0.00
0.00
7684.00
5.76
-6934.95
0.05
-1728.00
7604.83
-2196.95
6792.16
-35696551.38
0.00
-1785.69
1878.24
2396756
0.48
0.00
7097.36
0.14
8414.00
2204.01
0.00
-4356.74
0.01
2444.39
4161.40
1.21
3160256
1963.83
6394.39
0.00
36522540.62
33030960.61
1.85
0.37
7952.00
-4602.03
-617.08
-0.12
8756.14
0.00
1.62
9236.32
1409.00
52785300.58
4305.68
2229.40
13343
0.86
0.29
-4787.16
8596.00
14588.39
0.00
-5626
0.00
0.87
5315.00
-0.20
-8985.00
0.5616
1.63
0.76
0.00
-9374.89
5299.08
132.40
-4418.01
-7068.26
0.00
1.14
6978218.59
6795
0.00
54821010.68
14641698
17439
0.80
6237.32
-0.38
11912
0.53
0.00
0.00
883.74
-7951.51
-2690
4550.12
2340.69
1429.16
0.00
0.29
-8857.33
0.30
595.96
-1446.85
11087
0.00
975.03
0.5600
0.61
469.32
0.28
0.07
-60658279
8270.33
0.00
0.00
3585.98
1275195.13
10613580
2690
0.00
8811.16
4432040
-0.08
10163860
4167.86
-6542783.52
7387.37
1796.00
445.28
-892.86
1066.29
26592522.00
10014431.00
0.00
0.20
0.25
0.24
58104754.36
-5749.05
-5622
0.10
0.00
8167.00
0.0000
0.49
282199.20
-5294.88
0.73
1.20
0.00
6320.00
0.83
2.11
0.00
1.03
6578.51
-9196.34
2378.00
0.00
1192.96
-414.43
2193.00
0.45
0.51
-746.5840
-4063.62
-14696
0.00
31854060
5917.21
0.46
0.00
7751821.92
0.53
6450.07
32491368
0.09
4641.07
4127.25
1994.00
-7946.17
19232090.67
7127.04
0.00
5622.52
77.48
2095.46
-1691.40
0.00
7469.00
-1565.78
-3909.63
2803
0.00
58249240
963.21
0.22
0.00
-97492522.32
11.91
6096.59
8227.79
5923
5510.31
0.05
0.55
1672.22
0.00
10193.18
191.40
4621.48
-4566.98
4442.40
0.00
248
1.10
2101186.61
3404.80
2763
63762647.93
42739440
13635692
2275.14
-1559.6000
2056.12
0.00
-0.36
-0.40
19126
0.00
0.00
0.45
9772.16
-2061.02
-7013.83
2301
0.02
6405.51
2644472.38
47679368
0.00
994.93
0.00
-349.06
-3657
1.86
0.01
0.00
9718.45
0.51
0.06
92648843.87
9885.68
1341.19
5996.11
-2272.55
0.78
8400121
0.05
0.02
68808960
-0.03
6218.74
-2165.2735
2728.48
0.00
4332.70
0.00
-4964.86
21138508.01
0.10
0.00
3.15
0.01
0.00
6857.87
0.00
-2256.20
3244.99
0.74
-5681.85
4770.84
8399.12
0.55
0.00
0.00
1690.15
0.00
-1407.84
969
948.60
-5284.47
7384.73
-0.39
1211486.83
7146353
0.67
7661
9133.06
2748.94
0.0000
-2296.00
0.64
1686.14
11492.51
-5457.16
0.01
0.00
7450.91
-5232.09
-4683.41
-4327.81
1336
-0.01
-8855.00
0.00
17702.08
0.00
-20
15527766
0.90
2837.63
3303.60
716.64
-3316181.40
0.00
0.91
0.00
234.15
0.00
-29.56
8306.86
664.80
4291.72
-0.28
7654.69
1.05
-2137.00
-0.38
9978.42
13987
9482
0.19
0.4239
9251
0.00
14873.45
-8998104.89
12.39
-0.08
-8969.28
2782
690.07
0.00
2.22
-0.37
17656.19
5536.71
-165.10
0.00
37366387
1.01
59454975
0.32
193.33
0.44
3964.80
9100.76
2721.80
0.32
0.11
2899.74
0.30
42250900.93
22399
561.95
205.26
-12708.49
-0.14
10956
0.09
-8380.54
62.75
0.00
0.00
-8843.09
0.10
0.19
1676.67
2154.02
11460.00
797400.30
0.00
727.96
1021.91
5631.68
-7884.00
9399.00
1309.31
-1658.31
5917.08
-13806.07
622.86
6937
0.12
-0.39
0.37
0.64
4892.96
16284.21
1757.92
5945421.59
35.00
11334.24
20141255.47
2.53
0.00
780.09
0.53
4485.78
89039217
3872.16
6993.82
3205356.46
8798.00
-6801.62
9861.00
0.34
0.00
0.00
1.26
-8424.40
164.7799
8.04
3039.30
17368369
8574.01
0.00
0.02
2555.44
1358.95
0.00
-4562.35
376510
0.00
0.00
0.00
6404.00
723.91
0.00
0.23
4890.32
-0.25
0.85
0.01
4903.47
0.37
4167.00
0.00
3323.46
2481
-257.84
0.17
35185334.31
2862412.91
0.84
8036
-0.26
0.00
9249.00
0.90
0.00
0.00
5708.00
6329.45
-6729.00
9467.91
13097.99
-0.11
8072.45
1641
0.00
130700.00
11444.18
764.76
-0.34
13733
6452.00
-4598.65
9044
390.30
0.00
0.00
9700.0000
-1338
0.00
0.56
737.92
0.15
0.00
665
0.00
0.12
0.00
3884.72
-9006672.84
534.82
4282.07
0.00
4366.26
0.00
3077.82
1818.00
20187336
-9390.22
3846.41
4786.81
-585.77
0.00
0.00
0.66
0.63
-3085.18
-6852.00
6714.82
0.00
0.00
-1774.96
0.00
0.78
-6254.74
-2476.57
-1469.40
8917.24
0.00
8152.92
4382.60
9564.84
-1.42
0.95
1491.8750
1599.52
-4759.36
-6064.35
7556970
-0.26
76232940.00
0.75
3910.00
5317.00
-2286.15
56960140.00
-5199.96
8.36
-0.11
0.19
0.00
10547260.02
0.63
8101.54
0.36
0.13
1558.9890
100.50
0.82
0.00
0.00
0.15
0.00
0.88
0.00
820.71
2996768.16
0.00
35676330.78
2.25
7623.44
3633
8921.64
-6061.39
-8532085.80
80838219
24791382.40
-9296.54
74304702
1.73
0.00
0.00
0.00
8390.48
7175.80
0.30
18895200
457.30
18721166.08
-0.28
-0.43
9403.00
4287.00
0.00
0.72
3879.24
-4796.20
0.17
7.75
7870.15
0.7800
-4018
0.00
-1591
8961.67
2007.42
-170
8.01
6072.53
8127.00
2906.01
0.00
5000515
0.00
0.00
5436.43
-0.88
0.00
0.00
1829.85
0.84
0.92
-244.85
339488173400
-3.42
1.00
5537.14
9545
-0.77
631.05
-9730.20
0.53
1.81
1820.28
0.02
0.00
43.10
11806942
6996.00
0.85
8706
1141.50
0.99
59602300.45
0.98
-0.50
0.00
0.00
-2116.85
1364.20
28895284.89
8785.44
2.39
8710
-69.11
7363.00
8753.94
1899.04
-5888
10396.95
0.00
10709676
4412.15
-11805154.27
-4469.34
-0.14
3642.31
4584.64
5765.32
0.00
2453.51
8316.90
-252.59
0.0000
-5518729.74
5110.83
0.00
0.00
0.00
4261.50
243.80
1108
0.25
12062410.08
9517.81
1.04
0.00
-7731.00
0.20
0.00
7483.58
0.82
-885
0.00
-11582.60
-7769.4806
356.69
0.77
0.00
1752.52
-7889.00
6793.00
3734.00
0.09
-26283026.67
0.00
-3183.64
19644336
0.00
0.00
0.00
0.22
4943.66
3344.05
-6607.15
-1591.00
0.64
0.00
7092.59
-5519.00
19387492.80
0.00
0.00
5616.90
1460148
0.00
0.00
12934.01
5306.18
0.00
102.38
15632
-932.57
14207.48
2548.69
9729.27
0.00
9865.33
-3069.23
0.11
2577.60
0.80
0.63
2471.35
1.60
3875.00
0.00
-12518.64
1386362.25
911.44
0.00
0.00
13464.46
0.09
0.00
0.00
0.38
0.00
0.00
-0.67
-3708.00
5674669.18
0.00
4148.10
0.000000
1.63
60480942118.40
0.00
2780.50
0.08
0.00
0.21
0.56
0.5724
2042.3440
0.06
0.00
-3303
9190941.91
0.00
5342.44
0.00
0.00
-6136.89
16822403.60
-5729.58
1.08
4635.10
-11383827.00
0.97
2904
0.3268
646.68
-0.07
0.00
10149.42
7429.44
45.35
1798.99
0.39
2136
0.00
-0.40
5278627
-0.71
5.06
5848315
8362780.17
0.78
2315.78
0.00
14933.49
43850094
0.00
-515.00
0.00
0.00
834.76
-4663.02
-2268
1512
1610.34
-8209.00
-1.58
9440.25
645
0.00
-182.04
1557.43
0.52
0.00
7734.64
0.3425
-652.43
3655.35
0.14
2457.70
-315.73
0.24
1522.40
3598.34
1.29
0.82
0.20
12420.19
50944840.16
9721.00
-2365
545.04
4365.99
6363.19
0.00
-460.85
0.00
0.67
0.00
53.11
1.09
647
0.02
737.00
606.1538
163.20
0.00
0.51
202.83
0.22
1852.34
8204.82
5737.89
9938.87
0.00
1028
87843895.82
0.00
2416.80
0.00
2.49
0.00
5842.98
-1980.29
15218.90
0.00
-1959.14
-15737944
-466.31
-41.21
2881.08
751.74
-27209882.05
-3559
-1580.19
29.53
-0.01
15983
-0.32
-1.57
7114.31
14426.18
0.00
0.0000
1300.00
0.24
-5422.64
9130620.24
0.00
5850.72
-2335.98
0.30
-4010.27
2068503
2123.18
0.15
0.71
1.23
14672
10060.39
1.74
5285.14
1.49
8.09
-2584.30
4648.14
-5871.86
5914.72
-4238.19
-221.03
0.22
0.28
-9597.71
3525
16381
-0.26
9427.55
-0.78
-3062.61
13126.49
6538.60
5523.44
0.00
2428.76
584.00
0.00
0.00
2949681
26964154
0.86
2014412
41141661
5041.60
4309.21
-2289.16
0.0000
6733.00
-5794.36
0.0000
462.63
0.0000
0.00
0.00
0.42
8650413.80
0.18
826.91
24917020128
0.00
1.19
1.27
0.00
0.00
0.00
1716.52
-0.65
-2643.71
757.77
9938.43
8537.11
5997.77
2505.67
0.16
3018.01
-2356.11
0.00
11686
0.84
4904.22
-276.37
-4592.54
6586.18
0.01
5165.55
0.00
1804.36
0.00
-4733.73
2051.06
0.00
-2543.93
-5517.52
2647
12131942.07
-139.98
-8770.56
7976925.00
1819.95
-9282.00
0.19
12032.70
1818.01
-6024.00
0.74
62650690
-0.44
375.67
8999.72
0.01
4288817
-42778005.74
-7669
0.16
69483285.00
0.00
9652.39
-6465.12
-0.16
0.36
6932.90
0.00
0.09
-8367.54
95.81
0.97
0.3325
4990.26
5971.84
188.53
1.05
0.96
0.00
-10303.15
-0.80
1862.03
0.03
-0.72
0.16
8008.37
1.30
5189.13
0.78
6464.45
469.00
-334.79
0.03
9640.00
-2146.72
15006.95
8261.02
19159488
8958.16
4446.72
841614.48
0.00
466.50
-0.07
6561.58
5917.95
9686.64
9325.49
-12267.00
0.39
0.00
0.00
-0.62
5864.82
0.00
5528.21
-0.42
7181.65
-0.30
7989.23
0.14
0.0000
7245.00
1518.32
3608.66
0.00
13181386.45
0.00
0.00
8749.00
0.96
0.00
2.22
0.58
0.00
1328.75
0.00
362.00
58478282.50
3074.25
9653.65
9936.00
0.87
-45.51
10141.30
0.85
1.08
0.00
0.00
8941.45
1929
7410.00
9074.05
8697.00
0.00
-0.39
0.70
-9274.39
-7436.04
1.87
5365.06
0.46
-3205.06
247.79
4721688
3409.10
8532.00
0.00
-0.0255
0.32
273.56
-3320.01
7573280.61
0.00
0.00
0.00
10578.87
0.00
-2259.74
0.00
4339.77
0.00
0.12
0.61
334.88
4491.61
0.42
59093427.00
0.00
0.74
0.50
324.95
0.00
95916584960
1228.00
713.05
10860
-2923.76
1.04
0.00
1042.6752
0.02
-11030.69
6034.76
9352.46
7.88
-4591.91
0.11
1.90
-8729.03
3973.27
110040
4143.50
2283.00
8024756.16
0.07
6322.10
7000.24
0.00
14012
67368
0.04
3540.94
12620.61
38595092.02
4168.09
6767.04
2730
6267.50
-6106
4736.06
-3121.16
2497.66
8381.43
0.06
0.00
30523.50
-0.17
0.58
6206.91
8.11
0.05
7037990.31
1.13
0.00
7785.76
83.40
0.10
-0.15
-2983.99
-4589.20
2837.87
2784.24
2.55
1.06
0.79
4638.06
10633.00
0.00
0.00
-52923537
6327.72
-1297.6000
-6975
-5805.26
-66215760.00
85.6064
18127275.60
30801.33
0.00
2961.00
0.00
63326739
31.11
9655.87
12609932.32
38389859.19
7448515.06
0.00
0.00
-3857
13093.00
0.86
0.30
36398908
0.00
1.16
0.00
-7736.58
649.02
1677.56
6536.00
2669.00
-14523.14
-6219.56
-0.08
5020.00
-9119.78
0.00
-4239.48
-1007
0.02
3449.51
0.62
-1362.32
-1581.95
479.51
6370.38
-9270.79
9445
969
-0.43
5481.12
29
30402212.40
0.01
10010686.97
0.00
8168.00
2941.87
-283.39
0.00
14181.50
0.46
0.01
0.00
0.00
5947.45
-0.82
-9017.84
0.00
19679793
72.8160
7168.44
7581.00
4191.48
0.00
0.00
-1723.95
-0.63
0.0000
0.68
1411.9185
-4527758.24
0.02
0.00
18285510.99
9789.13
0.26
0.16
1460.04
0.00
922.72
15375703175.32
9880.00
-37838041.00
8918
-0.87
0.00
0.00
292548.96
3817.20
0.00
0.00
5407.76
11799
0.00
769.69
1.70
32892519
88.28
1071.24
0.89
9060.56
-9595.95
1552.99
-6576.86
0.00
1534.64
0.00
-0.35
8511.52
483208
5282.41
5387
7761.53
0.48
13244.64
852.84
11430
0.09
1.17
4379.34
7165.06
1.77
0.00
-7134.70
0.82
3931.05
5.00
7211.01
0.00
0.00
1595.02
2751.30
2045.55
21238.46
0.00
0.00
173.16
4030.92
1.08
9613694.86
0.52
4228.78
1.31
6673.18
3350.16
1940.16
0.00
251.64
0.00
1.62
0.00
7556
1565.27
-13482.95
0.00
0.63
11031.40
-0.63
0.00
0.10
-7321.86
0.56
2224.58
1430
0.00
9790.78
-1758.75
7914.10
948912
867.80
2.37
862
0.00
411.77
4500.29
2380
0.58
5324749
-0.40
0.00
76.12
1.32
7477.34
-4487.45
-2044
0.06
0.37
-0.59
-14518.37
0.76
0.17
52.82
3479.46
0.00
3290.52
4670.00
0.00
9133.59
0.00
-62277460.53
0.00
-1662.00
1.32
1.56
87252177
-2607.51
-7905.81
5877
9357.05
0.01
0.00
0.00
4673.00
1.17
-5852.16
8118.89
-7624
1535.69
2082.30
0.45
0.00
-3022.36
0.00
6487838.86
0.00
622.93
16343.06
-9715.17
0.03
-2371.96
-5456.63
5713.22
3983.00
682.41
0.18
0.48
0.21
-3779.78
0.00
632.65
76147040
1.42
0.00
0.00
0.0000
0.43
1.40
-0.90
6400.51
-0.13
4114421.37
5210.42
1.97
224.3205
0.00
9.96
7751575
6101.55
9969
0.00
-0.76
-15.29
2538.77
2574.35
0.00
585.19
11355.97
0.00
7719.21
9084.20
0.00
6230.83
-4968.59
2859.64
1.00
0.00
0.86
1373.00
-0.21
0.00
8289.0000
5295.55
0.41
13719800
-1800.1663
0.52
0.01
6011.41
0.00
0.00
0.01
0.00
11403
1.01
2244.97
7943
6445.34
0.54
328.79
32010825
8106.50
0.00
667.07
0.00
1.42
2842.46
11719846.08
6188
49745940779
0.00
136.78
2674.56
-0.11
0.44
0.0000
0.78
0.00
5093242.0000
3516.00
8.48
7730.98
0.06
4109
8319893.28
1.85
0.00
9554.41
29885209.20
6981.06
0.00
2998.19
0.00
0.06
61291.67
0.00
0.99
-0.04
0.00
1.13
0.00
0.00
0.69
0.00
-29521206.30
1.98
855
1.52
0.00
4519.81
8295.12
17235070.48
3018.60
7506.09
2664.42
0.00
0.00
0.74
8710.82
632.48
-3455.83
205.92
2599.34
1276.00
66.83
0.24
0.00
0.97
1.36
4625.24
0.01
8322.73
2853.74
59029510.12
0.04
1068199675
0.62
1556646
0.3160
-115.55
2866.54
4227.38
3196.46
3981.51
5116.07
0.41
171.65
5967.20
0.00
5196.78
0.00
0.00
-6765.68
14833.48
9909585
2051888
11881823.60
0.00
394.17
-7839.06
8026.19
-0.44
-49.41
0.00
2324.49
0.00
1.46
2169.53
129.78
1059.1420
0.82
0.00
1.68
46989038
0.01
0.44
3495.88
0.73
0.00
-7954.00
0.01
223.15
1089.37
27701421.79
3151.00
44428002.22
8804.10
-27731271.67
0.00
456224
0.00
0.29
2399.69
17034
4583.00
17609
0.14
-1519399.25
4259.00
935.83
-6597.78
1.01
4991.99
-16273
3553.57
-1114.77
9071792.1644
0.00
4270.35
58675370.00
0.00
4359.80
5283.18
9436
0.52
2680.56
0.00
2657.71
-4070.27
1624.00
2680.00
28492758.06
2249.98
0.00
13040644.53
5887.60
-3641.00
2954.16
5127.97
-2665.74
-7175.82
8244.74
0.00
1.38
2169.06
0.10
1810.99
-5378209.20
1.05
32304420.00
7060.18
117.97
2090.41
4478.58
32135669.18
-2835
-7022.25
500.52
4119.58
0.00
1747906
0.31
0.00
11893.00
12530.77
9950.79
1899.22
5656.79
-886.00
-7275.29
-0.49
6512580
5617.47
2068.00
-1330.05
2013.73
8396.97
1820.01
0.00
2997.00
0.00
7134513.38
7965.50
8048.66
7630.17
182.87
4671.47
-0.13
0.54
-0.14
0.98
0.00
0.0000
2670.64
4764.83
-7316.20
2225.13
4773.81
0.00
23051689.99
0.25
17043639
-0.93
0.00
0.39
-4257.58
0.85
-8751.82
5555.82
0.24
-601.67
7.71
918.93
0.00
0.00
14144942
-0.14
-0.32
0.89
1578.65
-10860.44
6867.1344
40380108.16
0.18
0.12
25699890
0.00
0.00
1.66
-0.20
-171.98
0.00
17128899.88
5529
9026.00
37156.50
0.00
6106
2384.70
4475.00
0.00
-0.05
2857.61
-0.29
3145.00
-4649.00
-4772.40
1786.85
75941568
19846.44
8093.02
0.00
-0.85
6287.48
0.00
15617.34
2420.92
14956.00
8348.83
-0.51
7622.84
3873.32
4271.28
73245.10
-1775.97
9919.49
-12517
3070.17
0.00
4976
62594122
7089.85
-2035.00
11689.30
0.58
0.00
3763.21
2151
0.00
-1276.57
6455.14
8764.55
0.00
0.40
0.38
1400
-3621.96
0.19
16288964.55
-0.07
0.00
0.00
70187824
-1813
15447.35
0.00
-0.66
-0.36
-42625567.37
-8233607.21
0.00
5544
-255.02
6475.98
0.00
0.59
14079
3021.30
22860054.77
-382.58
0.96
-32535.71
0.00
13557.27
1.93
6904792.45
14608069
-12143.08
-48090785.10
11308
5925.00
0.00
-0.06
-0.10
0.00
426.88
0.00
-0.16
0.00
3105.57
15291.63
48.19
0.32
0.14
0.00
-0.67
-5048.81
5329.88
5503.2080
0.00
0.00
-0.26
0.13
0.11
1.98
2744.61
8034.50
3743.99
-4325.00
0.00
6674.88
13109924.67
0.00
0.2800
-0.5472
-6807.79
-2695838.93
0.00
9659.27
3682.95
-1120316.01
-9922.00
2839.79
1663200.63
0.00
0.46
58983120
695.93
-2826474.3360
1996.00
0.00
-9889
0.00
1.09
0.00
3658.02
1.46
-3247.55
6242.54
0.00
0.85
6481.61
9760.16
2916.06
1938.65
0.00
-1.51
-0.22
0.48
6541.63
0.40
0.97
14188
7341.00
0.38
-7871.66
2211.08
0.00
-4140.72
1.36
6328139.62
-5594.57
4082.40
0.00
-7336.63
7263.55
-0.20
-4006.97
2721.00
8022.56
0.00
1.16
3664.43
6352
662.94
0.14
2151821.29
6185.04
2.32
59
0.19
-0.29
-1597.35
0.08
9862
8081.54
-393.91
0.99
-1409.52
1059.24
0.00
0.00
27521777.36
2215.36
1721.27
1203.01
5432.38
1.40
-4895.85
0.00
0.00
17.25
0.08
0.00
0.00
6899.31
-4379.75
8994.24
131.99
11703077.46
-0.28
5325.99
0.00
-3660.56
8607
38.13
0.00
0.00
10467
0.99
-0.08
639.08
0.38
670.38
0.21
-3284
4785.75
7350.74
-2544.33
0.0000
-5582.00
1.37
-3522.09
5747.87
5188.00
0.00
4044.78
7636.50
-5916.62
1269.05
-17125301.31
0.07
0.07
0.28
4906.46
-3891.83
6054
0.04
-915.2676
-546
54204598
1036.96
0.18
-0.98
-582
30677967
16386875357.45
61812369006.70
4247.40
21674
0.00
0.00
0.00
31620400
-4444.00
13033481.68
12512
1.38
0.57
0.90
34235.08
0.00
-1.85
0.06
6057.18
0.96
0.00
0.00
-0.13
3658.13
0.00
7095.36
24933344
8453.00
20483083.21
0.81
4529.54
-8411.00
57975500
0.00
-216.3735
8810.26
0.00
0.33
0.00
7498.97
4.76
6362.94
19125.93
8032.63
17179.32
6283
12742.68
4631.00
1.13
1970.97
0.31
0.00
0.00
-4125
7556.67
1202.22
8795.24
11754.44
1762.82
-5541.33
7715.41
0.02
0.70
0.00
4846.14
704.53
106766771664.96
0.00
18257048.97
-0.84
11395
0.00
0.21
8.16
0.00
16962191.54
-3467
1761.42
-9258.20
-0.67
0.00
1.35
582.17
-2661
-841.12
-4605.00
-0.14
359820.8292
6965.95
-0.27
3840
2014.26
14308231.85
0.21
-0.80
0.00
-6287.26
0.00
14124
-5310.40
-517.01
0.06
-4960.01
20522190
3741.20
21636819
7462.00
-873.00
0.00
0.00
-4186.96
0.34
0.00
4250.25
0.00
4257.00
8886.31
0.01
2.18
4992.40
0.22
-62745624.35
4431.82
-2456.00
7203.00
12218000
-0.31
-3204.66
-8238.92
6824.0940
9434.52
1.81
4213.91
0.73
0.16
0.00
0.00
0.89
12921.18
2294.00
75.36
6633.54
2265.60
0.52
-9141.00
5025.08
5937749.35
77927
8794.42
0.00
10693.53
-4846.27
0.42
22391131.04
14662269.00
1274.8995
0.00
1.06
-13888.12
-7112
2372490
3330.67
0.00
9502884720.44
13854.99
0.52
-7797
-7682.48
-6977.97
-2308.92
1200.88
-1405.72
1435664
6664.75
3315.00
-5603.23
3.67
0.88
4.09
23105239
3547.11
6986
39528351.36
-4859.50
0.18
1623.15
0.40
0.36
2974.25
5858.52
0.00
554852.00
-4976
0.00
0.57
318.94
-1615.0294
0.00
-58953768.66
0.00
-1503.64
8323.00
-446.45
0.00
19733559
0.42
-1.61
1302.50
-0.36
8240.67
0.77
-0.54
-0.01
-8699.12
5359.61
12.93
-0.06
1.57
1.65
4414.11
7443
12061
0.00
-3244.77
1069.16
0.00
12666.56
2747.67
0.10
31492698
1.90
6528.00
1999.00
17867408
856.44
0.18
0.18
8736.28
0.00
17673
1.61
0.07
1557.01
624035808
737.00
14817429.71
1.36
-0.17
3220.59
-1750.8933
-4495.83
0.00
0.98
0.00
-31189213
17849973933.92
2329.00
5719
-10635
0.00
8067.42
-1464.51
0.00
-0.79
0.00
-8751.87
15093200.00
7727.20
3549.00
21180
176981
10717
-370
8813.36
0.00
0.48
5116.41
-2161.9224
56235795
124.43
9308.62
2.82
0.96
3171.63
-1257.52
6173.88
103.50
15171
26779878
8202.00
1.46
0.10
0.51
0.97
7968.82
9096.00
0.00
2963.86
0.31
-2347571.97
0.46
-0.74
0.00
8837.95
0.00
72504105
0.00
1.15
13226.66
0.09
3174.38
-0.20
-9282.19
-0.94
-5456
1281.04
5559
0.01
12984
0.00
631.25
8582.99
-526.07
0.36
-2111.24
962.60
-1103
0.00
3941.81
0.00
1749
0.00
15227.30
0.00
0.00
45.01
-8880.94
0.00
-7100043.07
4448.08
2201.44
0.68
1131.37
-0.08
7604
0.00
0.00
0.49
0.24
306.68
0.76
0.01
0.00
0.00
-8274.00
5362.44
9496.44
0.00
8595
5474.40
5636979.59
0.00
-245.61
0.00
-1421.59
0.00
-6494.27
0.35
8789
1890.11
109.12
0.00
-7995.00
0.00
0.87
0.00
0.83
-812446068.00
4226040
-3271
3986
8128.41
695.81
0.12
6868.85
390.89
601.3256
1006.72
1706.31
-1386.25
0.0000
12254.00
-1552.15
0.00
0.00
0.00
-3984.94
14417
-3585.76
0.00
-8726145.85
604.23
8377.20
5850.28
401
-0.20
-7628.90
0.00
0.28
40114542.64
2890.44
-0.03
5142.34
4763.37
-8583.33
34162757.05
7276.27
-1188
-2340.00
3.80
9237.09
8257.29
1333.53
-6345.91
-4042.27
5072.00
0.14
-5
3736.38
6098.56
5297771.77
0.00
1730.00
0.36
8328.98
5459.11
54767110
0.00
8494.07
4563.20
5997.30
13220737.51
16117632.80
954.9010
-636
0.22
-4904287976
-0.07
543.70
-0.75
0.00
3170.03
0.00
-2380.63
0.00
0.0000
0.00
-2533560.16
12936508
340080
0.79
-0.69
0.00
83292820
4119
0.00
472.16
1421084
0.00
-8368.64
0.00
2038.04
-133.35
0.00
7277.18
53544962.68
59022775.24
7222.00
2535.47
0.49
0.11
1936.40
8938
2563.00
0.74
0.00
4275844.62
8832.49
612.13
7614.19
9475.55
5723.12
1.14
392.76
0.00
5309.87
-6022.93
0.00
3672.00
-6246.88
-5537.30
6214.52
-2.56
0.38
9748
1.13
0.00
-0.22
-440.3888
1.05
4008
-2028.76
7311190
4288
454.46
0.37
7931.36
3013.30
0.00
-7528.39
273208.00
3374.1197
6055
1.54
8452.14
0.00
-50358469
0.9936
3862.80
1033.14
-2868.98
-0.59
0.00
0.00
0.00
38.79
-5948
-2981.47
1.06
-8561.95
0.00
185.76
2020
4181.10
0.00
2778.8475
496.97
3835296
2439.80
5626.83
5445.47
9172.00
-8737.91
0.30
9928.65
0.00
-221.38
147259.54
1.41
-7652.11
1613.04
0.72
0.00
1.06
4167.30
3112.12
6282.00
3849.39
397.71
0.65
7114.00
0.13
12207.06
3677.30
0.82
5499.27
0.00
1538.76
-3297.37
0.99
0.00
7157.59
2616.82
2383.04
-2100517.20
-0.81
5127.94
5716.00
0.00
-0.54
0.00
-0.43
9060.93
-0.54
1.81
-8186.28
0.94
-5931.67
-1611.47
-0.49
1612824
-6670.63
2747.90
0.00
8251763.00
0.55
2443.43
0.00
-0.30
0.00
62423864
3.40
64634097.14
14495648.72
6197.19
-2189.98
9387.40
0.00
7320.25
4001.55
5384.94
4160.02
-983.88
-5859.40
7178.16
1.35
-5852.48
0.06
1047.19
0.00
0.12
8762.90
0.31
0.00
24656520
-4057.08
0.00
3695.38
0.02
1.43
2.26
43212852
0.00
4015.12
2001
-0.25
52945014.54
-9621.66
6887.81
7665.45
0.00
0.20
2123
-1221.35
14526.38
0.00
2009.98
976.38
5607.03
6831.32
0.01
162.60
4859.07
894.00
0.86
0.15
49.9780
-12564.47
4794.00
12353
55380554
974.52
118.46
0.00
0.27
6387.21
-8403.01
-9397.76
0.00
6077.60
5653.66
0.00
1.14
-0.72
91743889.22
4371.80
9838.05
-0.11
32787002
4823.97
0.00
2798.30
0.00
6760.68
4432.96
0.00
-2889
448.74
4599
0.21
0.00
3308
8960.00
18656
4532.68
1.21
36708638.97
6913.37
8506.68
8591.11
81.20
1010.37
946.97
0.00
2099.41
-5227.07
3989.19
0.0000
0.00
539.6312
5763601
5472.13
-3658.03
-8422.31
0.75
0.00
0.00
-20143.71
2692.07
0.76
48989395.64
-3708.51
0.48
17670
1891.45
52499277.48
6382.55
0.00
0.00
7082.05
1.00
0.75
0.47
44397213.25
0.48
79544637.39
0.32
10655
4755.00
-0.85
10577.28
3968
6586
0.23
0.19
4287.15
25486.67
0.87
0.00
0.00
-5008.64
0.03
1496.06
756.24
-2975.49
0.13
4064
1486800
2.84
0.00
-1467.84
-5627769.93
2211.00
-9399.32
0.00
35405730
3273.00
1.00
6.66
-696
-1994.65
-3901.51
0.00
0.00
-7490.64
0.47
0.00
-0.13
1.16
-1916704.52
987.90
0.00
-5660.00
0.00
0.81
0.09
2905.42
550680.30
1033.12
0.77
2195.14
3434.71
94.20
-3931.89
0.00
0.00
9893.41
0.50
-4927.75
0.00
5963.5058
2260.93
52.21
-0.70
-8534.00
19737
587.00
1764
9721.43
0.00
334.70
-3671.11
-7737
0.02
57.65
-0.59
0.14
1.26
-0.02
0.00
0.00
12212.12
0.00
2997.71
13266549.74
615.96
0.00
32142918.00
-6936.39
0.00
0.00
0.00
0.00
1.44
10192.98
0.45
-28.19
8.18
-6459.33
9175.75
14316
0.23
1.26
-0.50
1303151.78
-3368.00
16114.93
6067.11
-2602.33
799.36
2536.71
0.09
0.53
-5757.00
-19321597.20
3439.4624
0.00
5147.13
0.00
-0.65
64832617
-76.52
0.00
0.98
1192.10
6.02
-9706612.00
0.32
8093.61
1658.98
10769252
1.16
1092.58
-0.64
0.00
0.1862
0.68
-1.73
-266.15
1502.00
553.44
10807172
-3.94
3044.98
25725
15252.02
0.00
3896
0.64
0.00
-44406383.28
-10614.15
0.35
0.00
0.75
3164
-11653295746
0.07
2171.76
-0.45
0.00
-1619
2.39
-1925.88
3188.66
3913.97
2310193.71
2.00
-2877.49
11765.14
0.96
0.00
-1407.82
4570.40
6912.48
-1.77
173337744852
3567.00
-0.83
0.00
7712.10
-0.65
0.00
31.92
0.63
1575
4814335.20
1.03
-0.24
0.20
0.00
6937.13
947.06
8747.91
0.00
2245.42
-1740.64
-0.49
-7125
0.00
0.28
27194415.51
4289.10
1008.45
1.03
1.55
68406427
0.38
0.00
132.5478
0.00
9271.80
4029.80
0.40
8453262.80
-5150.74
0.00
0.00
6772.00
-5543.03
10852130
2318.93
-1.00
0.00
0.36
0.00
10047.52
-0.37
-15846.14
-0.59
82.00
-5114.14
0.95
-0.31
4794.87
478.68
9074.71
0.95
-4537.54
5121402.12
1505.91
1081.65
5050.88
-6804.11
13180665
16746
0.00
0.37
1826702.7000
0.00
1.33
9208.51
-5057.58
61006947354
0.00
5565348
17072
1394.4000
9961.00
0.00
0.09
49511148
-1188.25
-0.21
0.35
-3856.34
0.00
8584.81
5862.00
-1361.50
1010.20
-1732.59
0.00
519.21
-770.00
0.00
1.09
5755.09
940.34
0.14
0.48
3610.97
-2763.05
19369.96
18724
1184.36
0.00
3.06
-6089.35
4615299.7800
1102.41
3703.10
0.01
8844.43
6828.88
0.06
-0.51
-2435
0.03
18520826.70
1.33
69.02
8380.00
3835.29
5.82
52665033.48
0.00
2969.28
1.46
-2299.76
2183.00
2313.73
833.68
0.00
-0.11
4441.45
0.00
0.73
0.01
0.20
8155440
93483.72
0.00
9.54
0.00
0.00
0.26
0.00
7.38
0.00
4449
9734.00
0.00
1309.80
2558.36
0.00
-3952
5579.14
0.36
4177.64
0.89
0.00
247.02
0.00
0.49
-6684.00
0.00
0.06
-3829.64
0.90
7441.00
-893.60
0.09
0.00
1120.30
2559.34
-0.03
6659.26
709.26
0.00
3668686.84
-4770.00
-9634.19
5110
-25359204.50
0.28
1173.71
0.00
199.75
0.87
-2000.40
0.05
0.00
9598.47
9779.00
-5148.89
0.00
0.0000
7223.80
-0.38
1.35
0.29
14694645.27
2.37
9091.00
0.00
9016.00
5.71
-0.87
3136.3200
10624.65
6675.44
737.10
605.93
-2315.81
6886.70
139.53
0.56
1310.77
-7795.09
1038.96
0.00
-4135.63
24942549.29
0.00
0.00
4947779.28
2423539
39347440.80
10228.82
4943.88
-15578.61
7678.47
2110.19
-6194.68
15707.81
3608.00
7752.00
7574.31
0.00
4437.49
34874368.52
2128.91
0.00
-1576.74
0.08
0.31
0.00
0.95
4147.25
-0.04
0.00
4318.00
0.00
-1419.88
0.01
-0.51
65554.96
0.00
0.03
4060.44
5773.03
0.00
212
7935786.02
38.40
2768.78
2093.47
0.00
4139.80
0.00
0.00
0.0065
7615.93
0.00
0.84
474047.50
-5182.23
1809.00
8544.38
0.00
783.20
0.42
8286.59
5661.49
0.00
357.85
7781.00
0.00
397.32
1565216
-19090515.80
30297272.25
-9251174.40
6119.07
12063
5533.97
3209.22
5236.70
0.00
-443.32
11283448.28
1860.81
-7110.00
0.41
-60.24
7400.00
-2234.30
-4155.18
91942197
0.00
1.53
-558.63
0.00
0.18
10184.24
8.42
1359.00
9108.18
14749
0.87
10794.16
5117.91
0.00
427.75
0.00
0.00
-6029.64
0.00
0.94
5770.53
8314.00
228.90
2514.69
0.00
3536.50
9357.03
-2577.65
14437
15176.00
-4911.7604
1062.29
8106500
0.84
0.00
4591380
3.95
16.20
9042.17
-0.64
-5147
0.00
0.00
2643.26
0.79
0.00
0.00
0.71
0.00
37355395
6430.05
0.00
1.82
0.89
0.91
1782.14
0.00
6590135
1269.44
0.00
7064.59
4533.43
947.21
1.37
4635.74
1.31
-2210.41
5854.48
-3742.69
0.26
0.00
25.75
20623391.97
0.00
1989.08
1403.06
3074.96
0.00
-55831067.72
1.14
0.80
0.00
0.93
5661.47
1.34
-3687.82
0.00
-0.45
3306.19
1.22
9848.00
0.79
0.00
8291.00
187.68
4764.48
1261.0000
332.75
0.00
0.13
6959.45
2595.19
0.62
-3414.73
0.31
-1177.64
0.84
0.00
525.3154
0.18
59.70
-892.44
0.00
5244.85
34717320
462.25
-2607.09
7886.05
8456.00
6942.63
0.00
12590.94
-851
0.00
0.00
1863.40
0.65
1630.50
0.10
4183.04
8460.00
-9328.23
-1451.75
-3027.55
16456.69
0.00
4286.4000
3548.38
1.32
1231.71
9705.11
1289.83
849.58
-0.59
2173.30
2783.31
19159024.29
-2425.21
22521.24
-3732.32
-5651.32
2565.59
-0.75
-6503.00
1143.49
35484780.30
7320.48
0.00
15719
0.00
3704
-5347.58
-7346.47
-31347.20
-6261.00
15234
0.00
-46426212.85
4627.36
0.32
-6675.78
8791.47
3161
-7910
959.13
0.00
0.00
1.32
0.53
16851822
-8365.61
972.50
1.80
6916.24
36943086
5159.62
9403.32
67467708
7422.18
3298.71
12189
10423.21
5610
157251.29
1323.18
12101318.33
0.00
2.13
-11713
-1.42
0.00
27.15
-3990.50
0.00
-5112.47
8077584
-2715.03
-731.95
0.00
5868.00
0.30
69681920
-9514.60
0.00
5894
10918141
4169880.86
8138.00
-0.95
6447.00
-5195.75
-0.01
1.29
17545
113.34
0.34
1208.36
9072.78
-0.04
0.29
-296.00
0.00
-44265930.71
0.00
-9831618.16
1.75
4818.78
10612
0.00
4.44
-0.01
1296.55
558.00
9152.24
4261.00
25565.37
12389790
-17384370.00
-1222.89
1009.98
-2961724.68
0.03
9011.90
-187.98
-8472.25
27431807.40
0.57
488.69
3405.94
0.00
33835230.35
-2737.63
0.00
0.00
8294.00
9269.82
0.49
1.02
2445.04
0.00
0.24
-1885
0.00
8854.00
565
0.77
-432.94
10456.36
5.55
-1288.28
-7909.54
9054012
-678.22
3.03
1863
1031.38
1.34
0.37
-4526.41
8081.13
2985
3723
-7913.02
874.09
4153.47
-0.1060
-9135.37
0.26
0.00
0.00
1935.27
0.61
-0.88
0.00
69919107.47
-0.41
0.00
3511200
8.57
0.00
-7819.00
9733468.19
17502352
1087.63
-0.17
435.49
2553.20
12658.62
10348.04
11920.00
29866658.14
-1.71
6782.03
335.78
1388032
0.00
28.38
0.93
-0.63
-6814.44
0.00
2833.50
8680.72
576.90
3968698
0.00
9658.03
0.16
1513.60
0.13
7970
0.09
4292.46
-2875.00
-358.00
-9944.03
0.40
6580.14
10902
30890315
-2383.42
0.00
344.48
0.62
0.37
2003.31
-0.01
-0.3795
0.00
1421.76
1221.95
0.47
1710.23
0.00
148.18
4701453.96
2955
0.61
12712.26
0.00
-0.26
2998.13
956.67
14603250.69
0.00
0.00
31980204.82
1.44
5647.86
273078984
-3465.38
90538.06
0.28
7153
-10000.00
-13636035.72
0.00
-540.77
25355622.60
1584.62
10085.48
-715.01
674.50
3009.71
-0.0715
0.00
-2501.94
7295
-0.54
5100.13
1.38
4698.26
9163
839.18
0.00
5745.00
0.00
0.00
4505
-0.93
0.68
-7582.47
4804.97
1.17
0.00
-0.1113
-3359.00
0.00
7549
-528.57
3130495.26
0.94
6634.81
7489.29
8353586.82
196.1603
-7271.00
1777.00
0.25
0.00
21761
0.68
3279913
0.00
2394.24
-5517
-65097810.48
-3698.13
6580.45
9614.70
62.58
0.00
0.0000
354.97
25.64
-341.07
4965.00
0.00
0.00
-1907.80
27737340
0.00
0.10
0.29
12377.92
10268887.72
-1.22
-0.61
6275.19
18978
-0.67
-1391.19
490.2882
-5974.00
8010496
0.00
0.00
-0.84
6052
3680.21
-0.20
13025786
-2896
7129.41
-0.61
0.90
0.91
0.00
0.00
0.00
-3706.51
-2186.40
0.04
2923170
0.00
-18823294.79
8206.00
-4781.00
0.00
0.00
0.00
7552.1431
3076.07
0.01
0.2886
5545416.66
7148.92
0.00
0.95
0.00
0.00
5592.06
5640
0.00
2750.32
4960
699.20
0.00
0.00
1665.38
-556.45
0.00
-581.21
109.50
0.00
0.15
1737.06
-8751.62
6204832.65
6836.00
0.00
0.00
8339.36
-799.66
1601.26
0.18
2137.37
22.88
-1056.46
1546.87
4289.74
12200946.70
-1665.10
-3192
4687.35
0.00
3730.00
0.00
2236.00
1498.40
1743.32
-5042
0.00
551
-1751.50
0.00
0.00
59446926
-3552.94
1.80
4138443.59
3930
0.00
2726.36
4626.82
14261291.10
13505.67
503.49
-0.07
34623345.24
0.69
0.00
0.54
-0.25
139.67
14235
129.00
18308004.20
4103.19
55073193.68
0.4505
9261.92
0.00
0.00
3637.11
0.72
7573.56
0.00
0.83
3824.90
7029.11
0.00
4034.20
-2284.20
-44908332
-5.87
1.72
-3231
16225.43
0.00
0.01
5709
-216.30
0.00
1.31
-8072.97
12614.23
2263.93
0.04
5568.40
6791.49
59919423.40
0.0000
385.28
0.25
4109.71
1568
1.69
-9457.74
-11067.74
25436178.33
1.41
696.63
0.08
-8641.50
27.12
4069.48
7866.53
0.00
-5575.36
7164.28
-0.18
0.00
0.00
613.75
9751154
0.00
11118
-157671750386
1112.87
14263
1202
0.00
-0.38
-6673.35
9588.60
5253.30
0.97
284.72
0.04
3079524
-4720598
8.63
10.02
-8600.20
0.07
3871.33
0.17
0.51
0.00
1622.88
-2244.46
0.00
0.00
374.37
-8037.58
-5556
152907.8272
6292.18
0.00
1399023.08
3554.98
0.00
3619.61
1125.3092
0.27
0.88
-3485.52
8637
15430
464.3068
0.5065
370.14
5240.29
0.00
0.99
7797.12
0.47
-11212
4269.00
-0.97
0.00
0.30
38517420.10
0.03
0.10
0.00
5514.00
0.00
3128.37
-9704.73
9629.26
0.00
0.00
10106.23
1173.48
-0.61
0.00
302.56
0.00
3400.58
-2351
0.67
7339.53
5421.57
1.51
-1.03
0.49
-4830.00
4168.66
-9236.40
0.2600
-1259.20
-0.49
0.00
-0.09
36699555
0.00
24746688096
12693900.58
8539.50
9301.11
5727.67
2.44
3123.45
2.68
23465
7066.6032
0.00
13279.01
-3181.19
9615.42
7284.47
5840.40
1.01
-4777.64
0.00
-1331.00
2475360.34
5602.8
2
4175.55
32475848
7460.08
441.60
10613
5420146.40
1.31
0.44
-3175.97
5618.89
-50.60
3799.00
58024950
0.96
4451.55
0.53
5132699.12
-0.21
-2648.05
4868.42
2618.00
1966282500
2835.2
11
2
1184.81
10108
0.00
0.00
8864017
4013.00
-2868.89
-2403.67
0.43
3.57
-4931.0636
1349.68
2
8651.00
46817372.00
2.81
9493
5447.64
